Sample	OTU1	OTU2	OTU3	OTU6	OTU7	OTU9	OTU15	OTU17	OTU18	OTU20	OTU21	OTU27	OTU29	OTU40	OTU52	OTU53	OTU61	OTU69	OTU104	OTU116	OTU401
N1	0.5779813693239463	37.166046668921204	1.377317305623021	0.7931871983275434	0.2029083530605343	0.027669320871891043	1.263565653149691	0.0983798075445015	0.07993359362990746	0.13219786638792388	0.006148737971531344	0.006148737971531344	1.0360623482030313	0.006148737971531344	0.0645617487010791	0.009223106957297016	0.003074368985765672	0.061487379715313435	0.27669320871891045	0.6148737971531343	0.18753650813170597
N2	0.5130139569973595	39.85665786495662	2.101093926820068	2.1274990569596377	0.12825348924933988	0.01886080724254998	1.195775179177669	0.07921539041870992	0.4752923425122595	0.2263296869105998	0.030177291588079972	0.19615239532251982	1.4070162202942285	0.026405130139569976	0.05281026027913995	0.03772161448509996	0.03772161448509996	0.0905318747642399	0.12448132780082986	0.6148623161071294	0.12070916635231989
N3	11.860351958478631	27.641716000324383	3.8723542291784927	0.7623063822885411	0.6649906739112805	0.13786392020111912	0.2351796285783797	0.04865785418863028	2.092287730111102	0.3000567674965534	1.7192441813316033	2.1450004054821186	0.6568810315465088	1.102911361608953	0.8312383423891007	0.3933176546914281	0.3446598005027978	0.11353499310680398	0.35682426404995543	0.1500283837482767	0.08109642364771713
N4	28.837925723087455	33.533002453077756	2.8809401563123966	1.6601061098750642	1.9966911974442354	1.791317245707114	0.35369958354726455	0.3422899195618689	2.247703805122939	0.5990073592332705	0.23960294369330823	0.017114495978093443	0.23960294369330823	0.03422899195618689	1.7456785897655314	0.12550630383935193	0.06845798391237377	0.11409663985395631	0.017114495978093443	0.20537395173712134	0.04563865594158252
N5	3.963244450169608	27.184507707501393	20.451715402121174	1.5801451328953584	0.5539095710421229	1.721842930138692	0.21039975954313195	0.14599166988707113	2.967065996822534	0.4422688823049508	1.4899738073768731	4.611619219373953	0.36068530207394045	0.8244235475975782	0.28768946713040494	0.3392159388552536	0.30057108506161706	0.5152647172484864	0.1545794151745459	0.11593456138090945	0.02146936321868693
N6	10.59849690054309	29.184266827582423	12.386856108398705	1.4262987547314718	0.5760052663338636	0.7625212573372099	0.4937187997147403	0.03291458664764935	1.25624005705195	0.21943057765099566	1.5908716879697187	2.7099676339897965	0.23040210653354543	0.3456031598003182	0.8283504306325086	0.42240386197816665	0.1261725821493225	0.37303198200669263	0.09874375994294805	0.054857644412748915	0.02194305776509957
N7	20.3264	29.6064	4.6144	0.5055999999999999	0.8959999999999999	0.128	0.7232	0.032	1.7344	0.28800000000000003	3.3023999999999996	2.4256	0.6335999999999999	1.4144	1.1456	0.384	0.0832	0.15360000000000001	0.0832	0.0896	0.0704
N8	25.348107472053343	18.84683271229653	0.7354383212394587	5.599137085703079	1.441459109629339	0.14708766424789174	0.18140811923906647	0.10786428711512061	1.2502451461070798	0.5687389684251815	3.432045499117474	3.593841929790155	0.7452441655226515	1.225730535399098	1.1325750147087663	0.3775250049029222	0.07844675426554226	0.029417532849578352	0.053932143557560305	0.112767209256717	0.019611688566385566
N9	47.64402560455192	6.0455192034139404	3.559151256519678	0.3200568990042674	2.4270981507823612	0.12150308202939782	0.005926979611190137	0.12150308202939782	1.3928402086296823	0.0474158368895211	7.210170697012802	1.0816737790422	1.120199146514936	2.456733048838312	0.6816026552868658	0.5423186344238976	0.1807728781412992	0.14521100047415836	0.0474158368895211	0.06519677572309152	0.0770507349454718
N10	41.764187743802694	4.397885994714986	0.46558449729457657	1.447086951050711	5.530388825972065	0.053479300364917576	0.01887504718761797	0.09437523593808984	0.9217314709953442	0.03460425317729961	5.86070215175538	0.7172517931294828	0.28941739021014223	1.7302126588649804	0.7203976343274191	0.36491757896061405	0.06291682395872657	0.006291682395872656	0.03775009437523594	0.0220208883855543	0.009437523593808984
N11	59.08405237434381	0.018101731732335726	0.7029505822723707	0.06637301635189767	0.10257647981656913	0.015084776443613106	0.10559343510529173	0.26247511011886804	0.4555602485971158	0.006033910577445243	0.021118687021058347	0.06335606106317505	4.43190731913353	0.12369516683762748	0.13877994328124058	0.45254329330839316	0.41935678513244434	0.03620346346467145	0.057322150485729806	0.16593254087974416	0.057322150485729806
N12	52.9788381183448	0.026957811025744707	1.4152850788515974	0.06739452756436178	5.337646583097452	0.0606550748079256	0.2560992047445747	0.43806442916835153	0.41784607089904297	0.040436716538617065	1.293974929235746	0.6806847284000539	0.026957811025744707	0.07413398032079796	0.3841488071168621	1.368108909556544	0.04717616929505324	0.03369726378218089	0.013478905512872353	0.026957811025744707	0.013478905512872353
N13	53.48204128067609	0.008126117341134406	1.5520884121566716	0.04469364537623923	1.1498456037705185	0.07719811474077685	0.08938729075247846	0.17471152283438973	0.4428733950918251	0.008126117341134406	2.2468714448236633	1.661790996261986	0.004063058670567203	0.5322606858443036	0.29254022428083865	2.364700146270112	0.05281976271737363	0.10563952543474726	0.04469364537623923	0.01625223468226881	0.004063058670567203
N14	60.082187321995285	0.008137358613394093	2.591748718366018	0.10171698266742614	3.783871755228253	0.052892830987061594	2.2621856945235574	1.407763040117178	0.3458377410692489	0.004068679306697047	0.2522581170152169	0.4434860444299781	0.004068679306697047	0.06916754821384978	0.3254943445357637	0.4475547237366751	0.1301977378143055	0.1424037757343966	0.036618113760273414	0.052892830987061594	0.04475547237366751
N15	50.34830218749197	0.005140991697298409	8.292419607742334	0.2699020641081665	4.385265917795543	0.06683289206487932	0.7351618127136724	1.2004215613191784	0.604066524432563	0.041127933578387274	0.41127933578387277	1.0513328020975246	0.0591214045189317	0.07968537130812534	0.3110299976865537	0.6349124746163535	0.3932858648433283	0.24933809731897283	0.020563966789193637	0.0565509086702825	0.03855743772973806
N16	59.29450834278309	0.020249473513688644	6.5527296290296455	0.1376964198930828	0.9152762028187267	0.10124736756844323	2.0694961930989795	0.3523408391381824	0.27944273448890333	0.004049894702737728	0.29969220800259194	0.8626275716831363	0.13364652519034506	0.04049894702737729	0.17414547221772234	0.4252389437874616	0.07694799935201685	0.31589178681354285	0.032399157621901827	0.016199578810950913	0.0566985258383282
N17	48.47353910295206	0.04707148140676484	0.13448994687647098	0.18828592562705937	12.826978683343421	3.9708156815278053	0.7430569564925023	0.0806939681258826	2.625916212763096	0.010086746015735325	2.901620603859861	1.3146392307175039	0.010086746015735325	1.0254858449330913	0.7228834644610316	0.3160513751597068	0.2521686503933831	0.016811243359558872	0.06388272476632371	0.013448994687647098	0.010086746015735325
N18	30.61635300508036	14.838482921685783	7.837811930855993	0.3067386650477682	5.329584305204971	2.6264498194715147	7.032622935105601	0.17254049908936958	1.6646962967696584	0.012780777710323673	1.8851647122727417	0.3323002204684155	0.1885164712272742	1.7094290187557912	0.8754832731571717	0.13419816595839856	0.04153752755855194	0.2588107486340544	0.019171166565485512	0.3962041090200339	0.025561555420647347
N19	1.4383115639483663	3.868694219941012	2.3116405561726743	1.5206649557589917	16.307886773662236	13.015666296395603	0.09001417244417206	0.11299651434481174	8.63369977400697	0.4194277396866741	11.925920251273604	1.8807216455356803	0.2030106867889838	6.737656567204198	0.09767495307771862	1.9534990615543721	0.27770329796606275	0.08809897728578542	0.12448768529513157	0.16470678362125102	0.015321561267093116
N20	25.805251408525564	11.746571701924099	5.129159136813011	0.7600722865950887	15.424683746146487	3.810991814606144	2.5778675454448816	0.07441267141490379	2.7373232699053895	0.24981396832146277	3.263527160625066	1.2969065589454662	0.10630381630700543	0.46242160093547363	0.8185393855639418	0.4889975550122249	0.2657595407675135	0.20729244179866058	0.07972786223025406	0.026575954076751358	0.058467098968852986
N21	13.287805586835699	11.119183406589416	3.59984016854953	5.708525554869411	2.8624359766064877	14.172327363870826	10.01307711867485	0.22884957680990953	1.6273747684260234	1.3440371971375642	0.4250063569326891	1.8889171419230628	0.46496421955029243	0.33419303280177265	0.5321660794071706	0.23974717570561954	0.13621998619637474	0.1289549202659014	0.4595154201024374	0.21431944494896293	0.03269279668712993
N22	19.150048681980454	17.87530200858245	5.794958710468428	0.8059572319786521	0.036060726263026935	6.106883992643612	3.0489344055389274	0.06671234358659985	2.8451913021528252	0.3227435000540911	0.2001370307597995	3.6673758609498397	0.5138653492481339	0.08113663409181061	0.8384118856153764	0.2037431033861022	0.1334246871731997	0.1694854134362266	0.33716779055930185	0.10457610616277811	0.0306516173235729
N23	24.19226484163616	18.66942543371001	3.994906891612287	0.41381505650167116	0.01591596371160274	4.173961483367818	5.292057934107911	0.05968486391851026	2.5067642845774314	0.23078147381823969	0.03183192742320548	2.809167595097883	0.6525545121757123	0.11936972783702052	0.9509788317682635	0.15915963711602737	0.11539073690911984	0.19099156453923286	0.24669743752984247	0.11936972783702052	0.05570587299060958
N24	4.65697559692166	30.41504966125107	9.412615931066238	0.9471814773399987	0.03946589488916661	5.959350128264158	5.821219496152075	0.11839768466749984	2.5718608169440245	0.6446096165230546	0.03946589488916661	1.6049463921594422	0.3288824574097218	0.09866473722291652	0.23021772018680525	0.21706242189041638	0.06577649148194435	0.17759652700124975	0.5064789844109715	0.1315529829638887	0.11839768466749984
N25	16.31232519504553	26.46941307593632	7.944819464597397	0.3574958467394276	0.014720417218682313	2.2311946670031335	8.9058524173028	0.006308750236578134	0.7717704456080584	0.21449750804365653	0.00420583349105209	0.4605387672702038	0.14930708893234917	0.014720417218682313	0.9000483670851471	0.07780791958446365	0.03364666792841672	0.24393834248102117	0.5551700208188758	0.1934683405883961	0.03995541816499485
N26	3.1578947368421053	26.44950213371266	13.092460881934567	1.6842105263157894	0.03698435277382646	1.2517780938833571	5.724039829302987	0.03413940256045519	1.934566145092461	0.21621621621621623	0.008534850640113797	2.1052631578947367	0.19630156472261734	0.04551920341394026	0.18776671408250356	0.28165007112375534	0.1337126600284495	0.26173541963015645	0.49217638691322907	0.13655761024182075	0.025604551920341393
N27	1.8075491759702287	20.101600803355186	5.859767263276035	13.367594069348455	0.0413491641561817	3.018488983401264	2.9121625612853683	0.0767913048614803	6.615866264989072	0.643865556146258	0.0059070234508831	1.9315966684387738	0.6734006734006733	0.3662354539547522	0.0472561876070648	0.6852147203024396	0.2658160552897395	0.1949317738791423	0.27172307874062257	0.3248862897985705	0.0295351172544155
N28	0.22206472950626033	22.423812898653438	4.795653201039452	15.950862272619892	0.08504606661941885	1.8237656508386486	1.984408221119773	0.07087172218284904	3.614457831325301	0.5905976848570754	0.004724781478856603	1.6017009213323885	0.6378454996456413	0.11339475549255847	0.004724781478856603	1.785967399007796	0.14174344436569808	0.08977084809827546	0.6142215922513584	0.22206472950626033	0.028348688873139617
N29	5.52849129022734	24.391054030115146	10.687924416888102	4.543105993504577	0.04428697962798937	3.089016829052259	3.506052553882492	0.0959551225273103	5.008119279598465	0.7713315618541482	0.003690581635665781	1.3433717153823443	0.9743135518157661	0.0775022143489814	0.23619722468260998	0.43917921464422793	0.26203129613227044	0.23250664304694418	0.31369943903159137	0.3173900206672572	0.09226454089164453
N30	0.17120844628334997	13.73591097160793	5.492937651590812	12.166500214010558	0.12840633471251248	0.774004850905978	1.6336139249536312	0.03923526893993437	5.385932372663718	0.5849621914681125	0.0035668426309031246	4.758168069624768	1.5729776002282778	0.04636895420174062	0.0035668426309031246	1.9546297617349124	0.2461121415323156	0.1605079183906406	1.744186046511628	0.2140105578541875	0.03566842630903125
N31	18.616209308104654	13.095956547978274	3.9831019915509955	8.67975433987717	0.31595015797507897	2.776101388050694	6.020803010401505	0.3692001846000923	2.339451169725585	1.5833007916503958	0.010650005325002663	0.8165004082502042	0.4082502041251021	0.1917000958500479	0.6141503070751535	0.26625013312506657	0.03905001952500976	0.09230004615002307	0.37985018992509495	0.1633000816500408	0.017750008875004438
W1	0.5711226128859539	0.4908084954488667	0.13831875780831698	0.044618954131715155	0.053542744958058185	0.013385686239514546	0.0	0.053542744958058185	0.026771372479029092	0.022309477065857578	0.049080849544886666	0.058004640371229696	0.0	0.022309477065857578	0.00892379082634303	0.00892379082634303	0.3524897376405497	0.0	0.0	0.00892379082634303	0.00892379082634303
W2	0.3469991003727027	0.11566636679090092	0.0	0.0	0.0	0.0	0.012851818532322323	0.03855545559696697	0.025703637064644645	0.14137000385554557	0.03855545559696697	0.0	0.012851818532322323	0.0	0.0	0.0	0.30844364477573577	0.0	0.012851818532322323	0.0	0.0
W3	0.2652519893899204	0.13925729442970822	0.03315649867374005	0.046419098143236075	0.00663129973474801	0.0	0.0	0.00663129973474801	0.0	0.01326259946949602	0.01989389920424403	0.01326259946949602	0.0	0.0	0.00663129973474801	0.0	0.15251989389920426	0.0	0.0	0.0	0.0
W4	5.991379310344827	0.12392241379310345	0.016163793103448277	0.0	0.15086206896551724	0.02693965517241379	0.0	0.04310344827586207	0.005387931034482759	0.010775862068965518	0.016163793103448277	0.010775862068965518	0.010775862068965518	0.0	0.06465517241379311	0.016163793103448277	0.1939655172413793	0.0	0.0	0.0	0.005387931034482759
