Sample	N1	N2	N3	N4	N5	N6	N7	N8	N9	N10	N11	N12	N13	N14	N15	N16	N17	N18	N19	N20	N21	N22	N23	N24	N25	N26	N27	N28	N29	N30	N31	W1	W2	W3	W4
Nostocales	40.3756878900605	44.4813278008298	44.7733354959045	71.567117348394	38.1682339301815	46.3985956443029	57.5232	57.8544812708373	68.1247036510194	64.1657229143072	59.6844264767996	60.7022509772206	58.0407931090524	65.2046545691268	56.4455183404878	61.3721043252875	71.0443144374956	59.8172348787422	51.0859156548052	64.5264164983521	49.9455120055213	46.4948974072336	49.6578067802004	43.1822666578964	47.319832607827	33.5106685633001	39.7129186602869	41.8851878100636	38.7326542663123	28.9413611071479	45.4506727253363	1.51258254506514	0.861071841665594	0.550397877984084	8.15732758620688
Oxyphotobacteria_unclassified	1.53411012389707	2.2670690305545	4.09536939420971	3.05778994808602	21.3147838035123	12.9738329036151	4.8384	0.779564620513825	3.73696064485537	0.500188750471875	0.781391419779158	1.50289796468526	1.81618722574354	2.83180079746113	8.68056448088836	7.01846751984448	0.218546163674264	8.5567306770617	2.45144980273489	5.46933134899543	3.81234334701587	6.06541415744112	4.24160432914212	9.66256659869762	8.3170357285555	13.5874822190611	6.19646759997637	5.01771793054571	11.0459108355477	5.81752033100299	4.15705207852603	0.156166339461002	0.0257036370646446	0.0596816976127321	0.0377155172413792
Oxyphotobacteria_Incertae_Sedis	35.8717373259138	26.427763108261	11.0534425431838	10.325745906783	4.49568465799304	8.14087443085193	8.7232	14.3851735634438	1.41951161688003	10.4819428715238	0.0422373740421167	0.107831244102979	0.020315293352836	0.117991699894214	0.120813304886512	0.0283492629191641	0.0706072221101471	5.31680352749464	2.32696211743976	4.52322738386307	9.68433288532093	6.19342973567487	3.60098678975011	10.182200881405	3.09549344941433	5.10953058321479	18.087305806604	22.140326009922	15.6960436964865	19.4499928663147	10.2346551173275	0.156166339461003	0.205629096517156	0.1657824933687	0.086206896551724
Phormidesmiales	0.0522642727580163	0.10939268200679	0.0689319601005595	0.108391807861258	0.0901713255184851	0.126172582149322	0.1152	0.0686409099823494	0.0948316737790422	0.0849377123442808	0	0	0	0	0	0	0.0201734920314706	0.00319519442758091	0.0229823419006396	0.0106303816307005	0.0563042609611682	0.0721214525260538	0.0397899092790068	0.184174176149444	0.12196917124051	0.0369843527738264	0.0767913048614803	0.160642570281124	0.0922645408916444	0.363817948352118	0.0816500408250204	0.00446189541317151	0.0128518185323223	0	0
Cytophagales	6.29323331386232	7.56318370426252	7.82985970318707	2.21347481316675	9.93172742496456	6.11114158758021	6.7584	7.78584036085505	6.46633475580844	6.69749591040643	11.8204308212152	4.38064429168351	8.58930602957906	7.51891935877612	4.68087294039019	4.4022355418759	6.24369578374015	11.6848260216634	12.9122457578427	6.58020622940362	16.355479675978	13.1838015217626	13.6280439280598	12.0239426428994	12.6658675583034	11.4537695590327	8.15759938566954	6.57217103708952	6.85341009743135	11.4566985304608	10.0181050090525	0.696055684454755	0.963886389924173	0.417771883289124	0.673491379310344
Chloroflexales	3.03440218895072	2.62165220671444	2.72483983456329	1.75708825375092	2.66220103911717	3.09397114487903	3.2128	3.60364777407335	2.04777145566619	1.39046180948785	0.561153683702407	0.0202183582693085	0.0243783520234032	0.248189437708519	1.11045420661645	0.121496841082132	0.013448994687647	0.220468415503083	0.0153215612670931	0.59530137131923	1.06433215881434	2.67931196134289	3.00413815056501	1.74965467341971	1.52251172376085	1.4452347083926	2.29783212239352	1.74344436569808	3.38057277826985	1.99029818804394	1.94185097092548	0.053542744958058	0.0385554555969669	0.03315649867374	0.0484913793103448
Aeromonadales	0	0.0226329686910599	0.888005838942502	0.18255462376633	0.124522306668384	0.00548576444127489	0.0192	0.0147087664247891	0.0325983878615457	0.0723543475525355	0	0	0.0040630586705672	0	0	0	0	0.00319519442758091	0	0	0	0	0	0	0	0	0	0	0	0	0	0.0713903266107442	0.102814548258578	0.0862068965517241	0.043103448275862
Flavobacteriales	0.568758262366649	1.10147114296492	4.27783634741707	0.695989503109133	5.10112070076001	1.47567063470294	1.9456	1.46107079819572	1.7988383119962	1.42506606266516	0.778374464490435	18.7019813991104	13.7209491305054	9.28065749857595	10.6367118217104	15.1871051352664	1.36507296079618	1.4729846311148	7.22794652775117	1.54672052726693	1.54927530967343	0.861851357686341	0.5888906573293	0.572255475892914	0.271276260172859	0.281650071123755	0.460747829168882	0.297661233167965	0.383820490109241	1.20559280924525	0.706450353225174	46.1359985721934	42.8608148052948	51.6246684350132	49.2672413793103
Xanthomonadales	0.104528545516033	0.0905318747642399	0.105425350742032	0.353699583547264	0.167461033105758	0.0603434088540236	0.0448	0.264757795646204	0.216334755808439	0.327167484585378	0.337898992336933	0.640248011861435	0.33317081098651	1.58271625030514	1.44718916278949	0.417139154381986	0.45726581938	0.223663609930664	0.162791588462864	0.164770915275858	0.359620763558429	0.311925282175182	0.286487346808849	0.38808129974347	0.0357495846739427	0.182076813655761	0.567074251284777	0.278762107252539	0.221434898139946	0.296047938364959	0.489900244950122	0.245404247724433	0.359850918905024	0.185676392572944	0.150862068965517
Leptolyngbyales	0.0922310695729701	0.513013956997359	2.4937150271673	2.37891494095498	3.30628193567778	1.68412968347139	2.2144	1.62777015100999	1.95590327169274	1.28979489115389	0.929222228926566	2.02857527968728	2.99853729887859	0.968345674993896	1.55772048428142	0.708731572979102	2.97895232331382	1.82126082372111	10.7136017160149	3.31136387796321	2.1304805841113	4.68248530525404	3.77208339964985	2.98625271328027	1.16081004353038	2.2475106685633	7.35424419634946	5.48074651547365	5.46206082078535	7.55813953488371	2.62700131350065	0.035695163305372	0.0257036370646446	0	0.021551724137931
SM1A07	0.073784855658376	0.0716710675216898	0.0648771389181736	0	0.00429387264373738	0.00548576444127489	0.0511999999999999	0.0343204549911747	0.0118539592223802	0.00943752359380898	0.00301695528872262	0.0134789055128723	0.0040630586705672	0.0122060379200911	0.0102819833945968	0	0	0.00639038885516183	0.00574558547515991	0	0.813687384213011	0.58959287440049	2.45503740251472	1.45366046175097	5.98910689125817	7.47937411095306	1.21093980743103	0.628395936687927	3.67581930912311	0.645598516193465	6.76985338492668	0	0.0128518185323223	0.00663129973474801	0
Clostridiales	0.0430411658007194	0.0301772915880799	0	0	0	0	0.00639999999999999	0	0	0.00314584119793632	0	0	0.0040630586705672	0	0	0	0	0	0	0	0	0.00180303631315134	0	0	0	0	0	0	0.00369058163566578	0	0	0.620203462430839	0.629739108083793	0.404509283819628	0.3125
SBR1031	2.02908353060534	2.3462844209732	1.52461276457708	0.279536767642193	1.2409291940401	2.07361895880191	3.2192	3.03490880564815	1.9796111901375	0.836793758651063	5.11977312496228	1.1187491575684	1.82025028441411	2.14419399462934	2.56021386525461	1.59565851287866	0.820388675946472	0.546378247116336	5.49661010456965	1.70617625172744	3.66885829488902	5.49204860985899	7.56406175393919	6.40663027034137	10.6849199840178	9.49075391180654	4.39482544745701	4.28537680132293	3.59831709477413	7.16578684548435	9.57080478540238	0.124933071568802	0.192777277984835	0.0862068965517241	0.0808189655172412
Bacillales	0.479601561779444	2.99132402866842	0.940718514313518	0.0684579839123737	0.0171754905749495	0.279773986505019	0.0256	0.0147087664247891	0.0237079184447605	0.0157292059896816	0	0.00673945275643617	0	0	0	0	0	0	0.021067146742253	0	0.00181626648261832	0.00180303631315134	0	0	0	0	0	0.0094495629577132	0.00738116327133156	0.00713368526180624	0.00710000355000176	0.0892379082634303	0.0642590926616115	0.13262599469496	0.0323275862068965
Bacteroidia_unclassified	0.448857871921788	0.343266691814409	0.733922634011839	1.62017228592618	0.206105886899394	0.0768007021778484	0.2304	0.402039615610904	0.331910858226647	0.110104441927771	0.343932902914378	0.0134789055128723	0.0081261173411344	0.101716982667426	0.0951083464000204	0.0607484205410658	0.467352565395736	0.252420359778892	0.0612862450683724	0.201977250983309	0.083548258200443	0.0360607262630269	0.0397899092790068	0.0526211931855554	0.14299833869577	0.210526315789473	0.0886053517632465	0.0614221592251358	0.110717449069973	0.0891710657725779	0.276900138450068	0.298946992682491	0.424110011566636	0.258620689655172	0.296336206896551
Alteromonadales	0.00614873797153134	0.135797812146359	9.04630605790284	1.22653887843002	6.40645798445617	11.2074167535246	3.8784	1.65718768385957	1.78994784257942	2.8752988549138	0.00301695528872262	0.00673945275643617	0	0	0	0.00404989470273772	0	0	0.021067146742253	0	0	0	0	0	0.00630875023657813	0	0	0	0.00738116327133156	0.00356684263090312	0.0142000071000035	0.959307513831874	0.938182752859529	0.689655172413792	0.479525862068965
Micromonosporales	0	0	0	0	0	0	0	0	0	3.37863344658361	0	0	0	0	0	0	0	0	0	0	0	0	0	0	0	0	0	0	0	0	0	0.102623594502945	0.0514072741292892	0.079575596816976	0.0808189655172412
Sphingomonadales	1.39576351953761	1.50132025650697	1.26510420890439	1.08391807861258	0.936064236334748	0.636348675187886	0.895999999999999	0.808982153363403	1.7425320056899	0.972064930162324	0.648645387075362	0.485240598463403	0.78417032341947	0.512653592643827	0.591214045189316	0.429288838490198	1.10954206173088	0.888264050867494	0.553491400773737	0.81853938556394	0.33600929928439	0.286682773791064	0.29444532866465	0.22364007103861	0.117763337749458	0.20199146514936	0.224466891133558	0.288211670210253	0.446560377915559	0.353117420459409	0.216550108275054	1.57951097626271	1.2723300346999	1.39257294429707	1.64870689655171
Gemmatales	3.14200510345251	1.9275745001886	1.72329900251399	0.456386559415824	1.3096311563399	1.1355532393439	0.953599999999999	0.818787997646596	0.403034613560928	0.52220963885743	0.271525975985036	0.0539156220514893	0.13001787745815	0.378387175522825	0.44726627766496	0.222744208650575	0.699347723757648	0.964948717129435	0.317922396292181	0.908897629424895	2.14501071597224	1.38292885218708	0.903230940633454	2.10484772742222	2.29428216936891	3.02702702702702	1.65987358969815	2.05055516182376	1.59802184824328	3.96989584819516	2.29330114665056	0.490808495448866	0.488369104228248	0.251989389920424	0.366379310344827
Planctomycetales	0.00922310695729701	0.0339494530365899	0.0324385694590867	0	0.0386448537936364	0.0603434088540236	0.0383999999999999	0.0147087664247892	0.0533428165007111	0.0125833647917453	1.56579979484703	0.559374578784202	0.235657402892897	0.0976483033607291	0.154229750918952	0.0769479993520168	0.366485105238382	0.201297248937598	0	0.297650685659615	0.143485052126848	0.129818614546897	0.103453764125418	0.0591988423337498	0.0168233339642084	0.00284495021337126	0.0118140469017662	0.0519725962674226	0.0295246530853262	0.0820373805107716	0.00355000177500088	0.669284311975725	0.681146382213082	0.616710875331564	0.436422413793103
Betaproteobacteriales	0.0307436898576566	0.13579781214636	0.746087097558996	0.159735295795539	0.734252222079092	0.735092435130834	0.671999999999998	0.804079231221807	1.20614035087719	0.811627029067571	2.52519157666083	1.19962259064564	1.51552088412156	0.646920009764829	1.11045420661646	1.02462335979264	1.73828256337839	1.01287663354315	0.505611521814072	1.13745083448496	0.697446329325438	1.36670152536872	0.923125895272957	0.374926001447082	0.0841166698210417	0.236130867709814	0.472561876070647	0.401606425702811	0.369058163566577	1.11642174347268	0.230750115375057	9.44583258968409	10.1529366405346	7.85809018567638	7.53771551724138
Pseudanabaenales	0	0.00377216144850999	0.00405482118238585	0.00570483199269781	0	0.00548576444127489	0	0	0	0	0	0	0	0	0	0	0	0	0	0	0.317846634458207	0.277667592225307	0.326277256087856	2.28244425442346	2.1239459129813	5.32290184921764	4.58385019788527	1.34656272147413	3.98213758488336	1.45170495077757	1.36320068160034	0	0	0.013262599469496	0
Synechococcales	0.00614873797153134	0.01131648434553	0.101370529559646	0.0627531519196759	0.103052943449697	0.0822864666191233	0.1728	0.0735438321239458	0.0533428165007112	0.0471876179690448	0.0150847764436131	0.0606550748079256	0.247846578904599	0.0813735861339409	0.102819833945968	0.0323991576219018	0.117678703516912	0.076684666261942	0.0651166353851456	0.0159455724460508	0.415925024519597	2.89747935523421	2.51472226643322	0.782740248635137	1.09351670767354	0.173541963015646	0.171303680075609	0.0377982518308528	0.184529081783289	0.0677700099871593	0.0887500443750222	0.0223094770658575	0	0.026525198938992	0.00538793103448275
Thermosynechococcales	0	0	0	0	0	0	0	0	0.0148174490279753	0	0	0.0134789055128723	0	0	0	0	0.0302602380472059	0.0159759721379045	0	0.0690974805995535	0.00181626648261832	0	0	0	0	0	0	0	0	0	0	0.00446189541317151	0.0385554555969669	0.013262599469496	0.0323275862068965
Chromatiales	0	0	0	0	0.00429387264373738	0	0	0	0	0	0	0	0	0	0	0	0	0	0	0	0	0	0	0	0	0	0	0	0	0	0	0	0	0	0
SepB-3	0	0	0.117589814289189	0.114096639853956	0.16316716046202	0.153601404355696	0.2816	0.235340262796626	0.844594594594594	0.528501321253303	0.0452543293308393	0.707642539425798	2.00308792458963	0.309219627308975	0.45240726936226	0.368540417949133	0.591755766256472	1.1886123270601	0.314092005975408	0.20197725098331	0.0345090631697482	0.0198333994446648	0.00397899092790068	0	0.00420583349105209	0.00853485064011379	0.0059070234508831	0.0047247814788566	0.00738116327133156	0.00356684263090312	0	0	0	0	0
Blastocatellales	0	0.00377216144850999	0.00405482118238585	0	0.188930396324444	0.340117395359043	0.1472	0.088252598548735	0.204480796586059	0.0251667295834905	0.0814577927955107	0.134789055128723	0.353486104339346	0.0488241516803645	0.326452972778449	0.149846104001296	0.161387936251765	0.150174138096303	0	0.0903582438609545	0.00363253296523664	0.0198333994446647	0.00397899092790068	0	0.00210291674552604	0.00284495021337126	0	0.0188991259154264	0.00369058163566578	0.0463689542017406	0	0.0312332678922006	0.0514072741292892	0.013262599469496	0.0161637931034483
Rhodobacterales	0.313585636548098	0.437570728027159	0.393317654691426	0.182554623766329	0.382154665292626	0.252345164298645	0.639999999999999	0.652088644832318	1.16168800379326	0.597709827607901	1.14040909913715	0.963741744170372	1.03201690232407	1.28570266091627	0.827699663265043	1.3000161995788	1.86604801291103	0.955363133846693	0.880989772857852	1.53077495482088	0.3469068981801	0.445349969348381	0.505331847843386	0.276261264224166	0.0630875023657812	0.167852062588904	0.271723078740623	0.231514292463973	0.306318275760259	0.460122699386502	0.223650111825056	3.00285561306442	3.0587328106927	2.35411140583554	2.40840517241379
Beggiatoales	0	0	0	0	0	0	0	0	0	0	0	0	0	0	0	0	0	0	0	0	0	0	0	0	0	0	0	0	0	0	0	0	0	0	0
Chthoniobacterales	0.498047775694038	0.516786118445869	0.182466953207363	0.0114096639853956	0.0214693632186869	0.109715288825497	0.416	0.0735438321239459	0.186699857752489	0.147854536303007	0.44952633801967	0.128049602372287	0.0853242320819112	0.313288306615672	0.552656607459579	0.275392839786165	0.100867460157353	0.00958558328274274	0.0957597579193319	0.0903582438609544	0.617530604090231	0.153258086617863	0.123348718764921	0.0526211931855554	0.0820137530755156	0.318634423897581	0.0472561876070648	0.0803212851405622	0.033215234720992	0.153374233128834	0.0781000390500195	0.0223094770658575	0.0128518185323223	0.00663129973474801	0.0431034482758619
Corynebacteriales	0.00614873797153134	0	0	0.0114096639853956	0	0	0.0127999999999999	0	0.0088904694167852	0.00314584119793632	0.00301695528872262	0	0	0.00406867930669704	0.0025704958486492	0	0.00672449734382354	0.0159759721379045	0.0172367564254797	0.0159455724460508	0	0	0	0	0.00210291674552604	0	0	0	0	0	0	0.646974834909869	0.732553656342372	0.576923076923076	0.484913793103448
Rhizobiales	0.866972053985919	1.00339494530366	0.462249614791987	0.279536767642192	0.352097556786465	0.312688573152668	0.607999999999999	0.607962345557952	0.942389758179229	0.512772115263621	0.944307005370178	0.424585523655479	0.394116691045019	0.557409065017495	0.606637020281211	0.396889680868296	0.665725237038531	0.901044828577817	0.953767188876544	0.579355798873178	0.708343928221147	0.840214921928526	0.712239376094221	1.0590015128593	0.757050028389375	1.2176386913229	0.939216728690411	1.34183793999527	1.5315913788013	1.24126123555428	0.681600340800169	1.35195431019097	1.27233003469991	1.02785145888594	1.00754310344827
Pseudomonadales	0.325883112491159	0.920407393436438	1.99091720055145	1.26076787038622	0.498089226673536	0.356574688682867	0.2816	0.186311041380663	0.266714082503556	0.311438278595696	0	0.00673945275643617	0.0162522346822688	0.00406867930669704	0	0.00404989470273772	0	0.00319519442758091	0.00383039031677326	0	0	0	0	0	0	0	0.0059070234508831	0	0	0.00356684263090312	0	0.419418168838122	0.398406374501992	0.258620689655172	0.317887931034482
Opitutales	0.0122974759430627	0.0264051301395699	0.00405482118238585	0.00570483199269781	0.0601142170123234	0	0.0256	0.0539321435575602	0.201517306780465	0.128979489115389	0.926205273637843	0.512198409489149	0.475377864456362	0.75677435104565	1.01534586021644	0.55078567957233	0.948154125479118	0.367447359171804	0.559236986248898	0.712235569256935	0.21613571143158	0.205546139699253	0.103453764125418	0.0723541406301386	0.10094000378525	0.199146514935988	0.0177210703526493	0.0377982518308528	0.0221434898139947	0.0535026394635467	0.0355000177500088	0.696055684454755	0.809664567536305	0.822281167108752	0.554956896551724
Verrucomicrobiales	0.0891567005872043	0.233874009807618	0.750141918741382	0.0912773118831649	0.493795354029798	0.449832684184539	0.4608	0.455971759168463	0.293385490753911	0.346042531772995	2.98075182525795	0.431324976411915	0.450999512432959	1.17177964032874	1.00506387682184	0.850477887574922	0.749781453836324	0.0670990829791992	0.0919293676025584	0.276389922398213	0.383232227832467	0.634668782229272	0.445646983924875	0.394658948891665	0.130380838222615	0.42958748221906	0.425305688463582	0.278762107252539	0.147623265426631	0.53859323726637	0.170400085200042	0.691593789041584	1.42655185708778	0.623342175066312	0.721982758620689
Chitinophagales	0.470378454822146	0.396076952093548	0.133809099018733	0.00570483199269781	0.0601142170123233	0.0822864666191232	0.0959999999999997	0.205922729947048	0.213371266002844	0.113250283125708	0.482712846195619	0.465022240194095	1.03607996099464	0.268532834242004	0.285325039200062	0.311841892110804	1.00531235290162	0.325909831613253	0.0459646838012792	0.292335494844264	0.441352755276253	0.531895712379647	0.688365430526817	0.420969545484444	0.140895421950245	0.187766714082503	0.277630102191505	2.10725253957004	0.457632122822556	0.663432729347979	0.106500053250026	0.673746207388898	0.925330934327206	0.490716180371352	0.592672413793103
Sphingobacteriales	0.0184462139145939	0.02640513013957	0.101370529559646	0	0.0515264717248485	0.0493718799714739	0.0256	0.0980584428319278	0.228188715030819	0.106958600729835	1.67441018524105	1.3411510985308	1.40581830001625	1.27349662299617	1.71966172274632	1.03272314919812	0.719521215789119	0.169345304661788	0.103420538552878	0.164770915275858	0.570307675542155	0.313728318488333	0.258634410313544	0.184174176149444	0.0714991693478854	0.190611664295874	0.17130368007561	0.316560359083392	0.0848833776203129	0.556427450420887	0.156200078100039	1.19578797072996	1.47795913121707	1.4787798408488	1.10452586206896
Phycisphaerales	0.107602914501798	0.267823462844209	0.125699456653961	0.057048319926978	0.193224268968182	0.0768007021778484	0.0639999999999999	0.117670131398313	0.094831673779042	0.0880835535422171	0.401255053400108	0.155007413398032	0.0934503494230456	0.187159248108064	0.365010410508186	0.117446946379394	0.181561428283236	0.115026999392913	0.515187497606005	0.361432975443817	0.183442914744451	0.108182178789081	0.103453764125418	0.105242386371111	0.0336466679284166	0.122332859174964	0.0826983283123634	0.0755965036617056	0.0922645408916444	0.231844771008703	0.0958500479250236	0.124933071568802	0.192777277984834	0.13262599469496	0.0969827586206895
Methylacidiphilales	0.0153718449288283	0.0414937759336099	0	0	0.00858774528747476	0.0164572933238246	0.00639999999999999	0.0294175328495783	0.0770507349454718	0.00943752359380897	0	0	0	0	0	0	0	0	0	0.0159455724460508	0.0399578626176032	0.131621650860047	0.0994747731975171	0.10524238637111	0.0862195865665678	0.236130867709814	0.118140469017662	0.023623907394283	0.110717449069973	0.0499357968326437	0.287550143775071	0.0624665357844011	0.0642590926616115	0.03315649867374	0.0754310344827585
Nitrospirales	0	0	0	0	0	0	0	0	0.0088904694167852	0.00314584119793632	0.0362034634646714	0	0	0.00406867930669704	0.0025704958486492	0	0.0773317194539708	0.03514713870339	0.00383039031677326	0.0478367173381524	0	0	0	0	0	0	0	0	0	0	0.00355000177500088	1.03962163126896	0.771109111939338	0.908488063660476	0.743534482758619
Gammaproteobacteria_Incertae_Sedis	0	0	0	0.00570483199269781	0.00858774528747476	0.0164572933238246	0.0127999999999999	0.0441262992743674	0.044452347083926	0.0251667295834906	0.377119411090327	0.202183582693084	0.0446936453762392	0.142403775734396	0.154229750918952	0.08909768346023	0.339587115863089	0.137393360385979	0	0.377378547889868	0.0254277307566565	0.261440265406945	0.155180646188126	0.0855094389265275	0.00420583349105209	0.0256045519203413	0.0118140469017662	0.0803212851405622	0.0184529081783289	0.292481095734056	0.0284000142000071	0.285561306442977	0.488369104228247	0.417771883289124	0.280172413793103
Thermoanaerobaculales	0	0	0	0	0	0	0	0.00490292214159639	0.00889046941678519	0	0.015084776443613	0	0.0040630586705672	0	0.0154229750918952	0	0	0.0127807777103236	0	0.00531519081535027	0	0	0	0	0	0	0	0	0	0	0	0.0490808495448866	0.141370003855545	0.019893899204244	0.0161637931034483
Subgroup_6_or	0	0	0	0	0.00429387264373738	0	0.00639999999999999	0.0343204549911747	0.0651967757230914	0.0125833647917453	0.0573221504857298	0.0202183582693085	0.0040630586705672	0	0	0	0.242081904377647	0.0447327219861328	0.0153215612670931	0.0478367173381523	0	0.0306516173235729	0.00397899092790068	0	0	0	0	0	0	0	0	0.361413528466892	0.33414728184038	0.311671087533156	0.290948275862068
Myxococcales	0	0	0.0283837482767009	0	0.0171754905749495	0.0164572933238247	0.00639999999999999	0.0490292214159638	0.0651967757230914	0.0251667295834906	0.0754238822180654	0.0606550748079254	0.170648464163822	0.00813735861339408	0.0231344626378428	0.00809978940547545	0.299240131800147	0.07029427740678	0.162791588462864	0.0797278622302539	0.0199789313088015	0.104576106162778	0.0437689002069074	0.0197329474445832	0.00630875023657812	0.0199146514935988	0.0413491641561817	0.0566973777462792	0.0516681428993209	0.028534741047225	0.0106500053250026	0.972693200071389	1.14381184937669	0.875331564986736	0.651939655172413
Desulfovibrionales	0.00307436898576567	0.00754432289701998	0	0	0	0	0.00639999999999999	0	0	0	0	0	0	0	0	0	0	0	0	0	0	0	0	0	0	0	0	0	0	0	0	0.0535427449580581	0.0514072741292892	0.053050397877984	0.0592672413793103
Rhodothermales	0.0768592246441417	0.0792153904187099	0.113534993106803	0.0342289919561868	0.0687019622997981	0.0438861155301991	0.032	0.220631496371837	0.044452347083926	0.0440417767711086	0.00603391057744524	0	0	0.00406867930669704	0	0	0.0268979893752941	0.00639038885516183	0	0.00531519081535027	0.0326927966871299	0.0216364357578161	0.0437689002069075	0.046043544037361	0.00630875023657813	0.0199146514935988	0.484375922972414	0.48665249232223	0.158695010333628	1.03795120559281	0.134900067450033	0.0133856862395145	0	0	0.00538793103448275
BRC1_or	0.0676361176868447	0.0528102602791399	0.0162192847295433	0.0228193279707912	0.0171754905749495	0.0713149377365735	0.0384	0.0245146107079819	0.0681602655286865	0.0220208883855543	0.156881675013576	0.0269578110257447	0.0568828213879408	0.170884530881275	0.372721898054135	0.161995788109509	0	0.0958558328274275	0.0153215612670931	0.0425215265228021	0.0962621235787714	0.0342576899498755	0.0437689002069074	0.092087088074722	0.216600424789182	0.355618776671407	0.200838797330025	0.382707299787384	0.221434898139947	0.156941075759737	0.127800063900032	0.00892379082634302	0.0128518185323223	0.013262599469496	0.0269396551724138
Acetobacterales	0.104528545516033	0.0301772915880799	0.0081096423647717	0.0171144959780934	0	0.00548576444127489	0.0128	0	0.00592697961119012	0.0251667295834906	0.12671212212635	0.0269578110257447	0.0040630586705672	0.0244120758401822	0.0334164460324396	0.00404989470273772	0.0336224867191177	0.00639038885516183	0.00766078063354654	0.0318911448921015	0.0308765302045115	0.0162273268183621	0.0397899092790067	0.00657764914819443	0.0294408344373645	0.113798008534851	0.0413491641561817	0.0519725962674226	0.0738116327133156	0.0535026394635467	0.060350030175015	0.00446189541317151	0	0.019893899204244	0
Alphaproteobacteria_unclassified	0.00922310695729701	0.01131648434553	0.0121644635471576	0	0.00858774528747476	0.0109715288825498	0	0.00490292214159639	0	0.00314584119793632	0.0452543293308393	0.0202183582693085	0.0121891760117016	0.0203433965334852	0.0179934709405444	0.0364490523246395	0.0235357407033824	0	0.00574558547515991	0.0106303816307005	0.0871807911656796	0.238000793335977	0.111411745981219	0.0591988423337497	0.0441612516560469	0.139402560455192	0.0295351172544155	0.0377982518308528	0.0110717449069973	0.0499357968326437	0.0426000213000105	0.249866143137605	0.244184552114124	0.377984084880636	0.231681034482758
Caldilineales	0	0	0.00405482118238585	0	0.0257632358624243	0.0164572933238246	0	0	0.00592697961119012	0.00314584119793632	0.00301695528872262	0	0	0	0	0	0.0100867460157353	0.00639038885516183	0.124487685295131	0.0584670989688529	0	0.0270455446972702	0.0238739455674041	0	0	0	0	0	0	0	0.00355000177500088	0.0713903266107442	0.0771109111939339	0.03315649867374	0.0323275862068965
Bacteroidales	0.00922310695729701	0.00754432289701998	0	0	0	0	0	0	0	0	0	0	0	0	0	0	0	0	0.00191519515838663	0.00531519081535027	0	0	0	0	0	0	0	0	0	0	0.00355000177500088	0.754060324825984	0.771109111939338	0.749336870026524	0.46875
PLTA13	0	0	0	0	0	0	0	0	0.00296348980559506	0.00629168239587265	0.00301695528872262	0	0.0040630586705672	0	0	0	0.00336224867191177	0.0191711665654855	0	0.0584670989688529	0	0.00180303631315134	0	0	0	0	0	0	0	0	0	0.124933071568801	0.0899627297262562	0.0994694960212201	0.0754310344827585
Tistrellales	0	0	0	0	0	0	0.00639999999999999	0	0	0.00314584119793632	0	0.0134789055128723	0	0	0.0025704958486492	0	0.00336224867191177	0	0	0.00531519081535027	0	0	0	0	0	0	0	0	0	0	0	0.0133856862395145	0	0.013262599469496	0.00538793103448275
OPB56	0	0.00754432289701998	0.00810964236477171	0	0.00429387264373738	0.00548576444127489	0.00639999999999999	0.00490292214159639	0.0148174490279753	0.00629168239587264	0.310746394738429	0.0202183582693085	0.0365675280351048	0.0244120758401822	0.118242809037863	0.028349262919164	0.0134489946876471	0.00319519442758091	0.00191519515838663	0	0.385048494315085	0.205546139699253	0.183033582683431	0.17759652700125	0.0378525014194688	0.253200568990043	0.0531632110579479	0.0377982518308528	0.0553587245349867	0.0749036952489655	0.0745500372750186	0.0223094770658576	0.0128518185323223	0.013262599469496	0.021551724137931
CCM19a	0.00614873797153134	0	0	0	0	0	0	0	0.00296348980559506	0	0.174983406745912	0.0336972637821808	0	0.0122060379200911	0.0051409916972984	0	0.0268979893752942	0.0255615554206473	0	0.111619007122355	0.00181626648261832	0.00540910893945404	0.00397899092790068	0.00657764914819443	0.00210291674552604	0.00853485064011379	0	0.0094495629577132	0	0.0178342131545156	0.00355000177500088	0.0356951633053721	0.0899627297262562	0.059681697612732	0.0484913793103448
Enterobacteriales	0	0	0.0121644635471575	0	0	0.00548576444127489	0	0	0	0	0	0	0	0	0	0	0	0	0	0	0	0	0.00397899092790068	0.00657764914819443	0	0	0	0.0047247814788566	0	0.00713368526180624	0	0.187399607353204	0.205629096517156	0.112732095490716	0.0862068965517241
Bacteria_unclassified	0.018446213914594	0.0377216144850999	0.0283837482767009	0.0114096639853956	0.00858774528747476	0	0.00639999999999999	0.00490292214159639	0.0266714082503556	0.0660626651566628	0.12671212212635	0.121310149615851	0.109702584105314	0.321425665229066	0.339305452021694	0.182245261623197	0.0201734920314706	0.00639038885516182	0.00574558547515989	0.0584670989688529	0.216135711431581	0.0414698352024808	0.0238739455674041	0.111820035519305	0.050470001892625	0.298719772403983	0.0886053517632465	0.094495629577132	0.0553587245349866	0.0677700099871591	0.0816500408250203	0.762984115652327	0.655442745148438	0.881962864721484	0.528017241379309
Microtrichales	0.0522642727580163	0.0905318747642399	0.150028383748276	0.0114096639853956	0.240456868049293	0.21394481320972	0.1792	0.240243184938223	0.213371266002845	0.113250283125708	0.277559886562481	0.0943523385901064	0.142207053469852	0.097648303360729	0.233915122227077	0.0809978940547544	0.349673861878824	0.182126082372112	0.158961198146091	0.191346869352609	0.0381415961349848	0.153258086617864	0.151201655260226	0.0263105965927777	0.0210291674552604	0.0369843527738263	0.0354421407052986	0.193716040633121	0.0221434898139947	0.456555856755599	0.0390500195250096	0.713903266107441	0.989590026988818	0.537135278514588	0.721982758620689
Cellvibrionales	0	0.00377216144850999	0.00405482118238585	0	0.00429387264373738	0	0	0	0	0.00314584119793632	0.0150847764436131	0	0	0	0	0.00404989470273772	0.00672449734382354	0	0	0.0106303816307005	0	0	0	0	0	0	0	0	0	0	0	1.08424058540068	0.886775478730239	0.89522546419098	0.721982758620689
Leptospirales	0	0	0	0	0	0	0.00639999999999999	0	0	0	0.0331865081759488	0.0269578110257447	0.0040630586705672	0.0366181137602734	0.0102819833945968	0.00809978940547545	0	0	0	0	0.0726506593047331	0.0144242905052107	0.00795798185580136	0.0131552982963888	0.0441612516560468	0.0654338549075391	0.0059070234508831	0	0.00738116327133156	0	0.0355000177500089	0.00446189541317151	0.0128518185323223	0.026525198938992	0.0269396551724137
Cyanobacteria_unclassified	1.15903710763366	0.524330441342889	0.0446030330062444	0.0627531519196759	0.150285542530808	0.356574688682867	0.1856	0.0539321435575603	0	0	0	0	0	0	0	0	0	0	0	0	0.0236114642740382	0.198333994446648	0.206907528250835	0.611721370782082	0.338569596029692	0.281650071123755	0.242187961486207	0.259862981337113	0.114408030705639	0.0820373805107718	0.0674500337250168	0.0133856862395145	0.0128518185323223	0.00663129973474801	0.00538793103448275
Spirochaetales	0	0	0	0	0	0	0.00639999999999999	0	0	0	0	0	0	0	0	0	0	0	0	0	0	0	0	0	0	0	0	0	0	0	0	0.00446189541317151	0	0.013262599469496	0.00538793103448275
Deinococcales	0.00307436898576567	0.00377216144850999	0.243289270943151	0.0228193279707912	0.128816179312121	0.098743759942948	0.351999999999999	0.294175328495783	0.204480796586059	0.110104441927771	0.162915585591021	0.269578110257447	0.117828701446449	0.0244120758401822	0.0411279335783872	0.129596630487607	0.487526057427207	0.194906860082436	0.0861837821273986	0.0584670989688529	0.296051436666787	0.232591684396523	0.230781473818239	0.0789317897783331	0.0105145837276302	0.0142247510668563	0.0177210703526493	0.023623907394283	0.0147623265426631	0.128406334712512	0.00710000355000176	0	0.0128518185323223	0	0.0107758620689655
Anaerolineae_unclassified	0	0	0	0	0	0	0	0	0	0	0	0	0	0	0	0	0	0	0	0	0	0	0	0	0	0	0	0	0	0	0	0	0.0257036370646446	0.00663129973474801	0.0161637931034483
Competibacterales	0	0	0	0	0	0	0	0	0	0	0	0	0	0	0	0	0	0	0	0	0	0	0	0	0	0	0	0	0	0	0	0	0	0	0
Pseudonocardiales	0	0	0	0	0	0	0	0	0	0	0	0	0	0	0	0	0	0	0	0	0	0	0	0	0	0	0	0	0	0	0	0.00892379082634303	0.0128518185323223	0	0
Omnitrophicaeota_or	0	0	0	0	0	0	0	0	0	0	0	0	0	0	0.0025704958486492	0	0.00336224867191177	0	0	0	0	0	0	0	0	0	0	0	0	0	0	2.96269855434588	2.78884462151394	2.93103448275862	2.26831896551723
Eurycoccales	0	0	0	0	0	0	0	0	0	0	0	0	0	0	0	0	0	0	0	0	0	0	0.0198949546395034	0.171018877853055	0.0609845856202552	0.0256045519203413	0.0649772579597141	0.20789038506969	0.143932683790965	0.185475816806962	0.0390500195250097	0	0	0	0
Gemmatimonadales	0	0.01131648434553	0.0121644635471575	0	0.00429387264373738	0.0164572933238246	0.0127999999999999	0.024514610707982	0.100758653390232	0.0723543475525354	0.57623846014602	0.343712090578244	0.211279050869494	0.0895109447473349	0.149088759221654	0.174145472217722	0.383296348597941	0.322714637185673	0.00191519515838663	0.388008929520568	0.00181626648261832	0.0721214525260538	0.0477478911348082	0.0394658948891666	0.0168233339642083	0.0142247510668563	0.0059070234508831	0.0141743444365698	0	0.0285347410472249	0.00355000177500088	0.0446189541317151	0.0514072741292892	0.03315649867374	0.043103448275862
Oceanospirillales	0.0215205829003597	0.00377216144850999	0	0	0	0	0	0	0	0	0.00905086586616786	0	0	0.00406867930669704	0	0	0	0.00319519442758091	0	0	0	0	0	0	0.00210291674552604	0	0	0	0	0	0	0.365875423880063	0.385554555969669	0.417771883289124	0.264008620689654
Methylococcales	0	0	0	0	0	0	0	0	0	0	0	0	0	0	0	0	0	0	0	0	0	0	0	0	0	0	0	0	0	0	0	0.0133856862395145	0	0	0.00538793103448275
Babeliales	0.00922310695729701	0.0867597133157298	0.0486578541886302	0.0171144959780934	0.00429387264373738	0	0.0256	0.0539321435575603	0.0088904694167852	0.0220208883855543	0.0181017317323357	0.296535921283192	0.235657402892897	0.0122060379200911	0.0025704958486492	0.00404989470273772	0.235357407033824	0.00639038885516183	0.0153215612670931	0.100988625491655	0.314214101492971	0.0793335977786592	0.561037720833996	0.131552982963888	0.00210291674552604	0	0.0118140469017662	0.0094495629577132	0.00369058163566578	0.0392352689399343	0.00710000355000176	0.580046403712296	0.526924559825214	0.689655172413792	0.511853448275862
OM190_or	0	0.00377216144850999	0.0081096423647717	0	0	0.0164572933238247	0.0383999999999998	0.024514610707982	0.154101469890943	0.0283125707814269	0.684848850540034	0.458282787437658	0.235657402892897	0.0203433965334852	0.131095288281109	0.0566985258383281	0.81702642727456	0.293957887337444	0.0172367564254797	0.510258318273625	0.0363253296523664	0.403880134145901	0.087537800413815	0.0460435440373609	0.00420583349105208	0.0170697012802276	0.0236280938035324	0.0897708480982754	0.00369058163566578	0.17120844628335	0.0426000213000105	0.437265750490808	0.745405474874694	0.53050397877984	0.452586206896551
Fusobacteriales	0	0	0.00405482118238585	0	0	0	0	0	0	0	0	0	0	0	0	0	0	0	0	0.00531519081535027	0.0417741291002215	0	0.00397899092790068	0	0.00210291674552604	0.00284495021337126	0	0.0094495629577132	0	0.00356684263090312	0.00355000177500088	0.0490808495448866	0.0642590926616115	0.086206896551724	0.0538793103448275
Pedosphaerales	0	0	0	0.00570483199269781	0.00429387264373738	0	0.0191999999999999	0.0343204549911746	0.103722143195827	0.0440417767711085	0.874917033729559	0.208923035449521	0.292540224280838	0.0691675482138497	0.136236279978408	0.182245261623198	0.548046533521618	0.198102054510016	0.0191519515838663	0.318911448921015	0.00544879944785496	0.0270455446972701	0.0238739455674041	0	0.00210291674552604	0.00568990042674253	0	0.0047247814788566	0	0.00356684263090312	0	1.691058361592	1.79925459452512	1.37267904509284	1.47090517241379
Caulobacterales	0.00614873797153134	0	0.0283837482767009	0.00570483199269781	0.00429387264373738	0.0329145866476493	0.0319999999999999	0.0245146107079819	0.0385253674727358	0.00314584119793632	0.0905086586616786	0.0336972637821808	0.0121891760117016	0.0244120758401822	0.025704958486492	0.0121496841082132	0.0470714814067648	0.0351471387033901	0.0861837821273987	0.106303816307005	0.0272439972392748	0.0883487793444158	0.035810918351106	0.0394658948891665	0.0399554181649948	0.0284495021337126	0.0177210703526493	0.0188991259154264	0.0147623265426631	0.0463689542017405	0.0248500124250061	0.321256469748349	0.488369104228247	0.324933687002652	0.231681034482758
Obscuribacterales	0	0	0	0	0	0	0	0	0	0	0	0	0	0	0	0	0	0	0.00574558547515991	0	0	0	0	0	0	0	0	0	0	0	0	0.00892379082634302	0.0385554555969669	0.00663129973474801	0.0107758620689655
Solibacterales	0.0122974759430627	0	0.00405482118238585	0	0	0.0109715288825497	0.0192	0.0196116885663856	0.0533428165007112	0	0.13877994328124	0.0741339803207978	0.0121891760117016	0	0.0719738837621777	0.00404989470273772	0.104229708829265	0.0479279164137137	0.0134063661087064	0.138194961199107	0.00181626648261832	0.0198333994446647	0.0159159637116027	0.00657764914819443	0	0.00284495021337126	0	0.0047247814788566	0	0.00356684263090312	0	0.0312332678922005	0.0642590926616115	0.019893899204244	0.0161637931034483
Campylobacterales	0.018446213914594	0.01131648434553	0.00405482118238585	0	0	0	0	0.0196116885663855	0	0.0125833647917453	0	0	0	0	0	0	0	0	0	0	0	0	0	0	0	0	0	0	0	0	0	0.495270390862037	0.66829456368076	0.424403183023872	0.382543103448275
Tepidisphaerales	0.00307436898576567	0.00754432289701998	0.00810964236477171	0	0.0128816179312122	0.00548576444127489	0.00639999999999999	0.00490292214159639	0.0325983878615457	0.00943752359380897	0	0.0134789055128723	0	0	0.0051409916972984	0	0	0	0.047879878959666	0.00531519081535027	0.00544879944785497	0.00360607262630268	0.0159159637116027	0	0.00210291674552604	0.00853485064011379	0	0	0	0	0.00710000355000177	0	0	0	0
Proteobacteria_unclassified	0	0	0.0081096423647717	0	0.0128816179312121	0.0274288222063743	0.00639999999999999	0	0.00592697961119012	0.00314584119793632	0.0120678211548904	0.101091791346542	0.0325044693645376	0.00813735861339408	0.012852479243246	0.0161995788109508	0.0369847353910295	0.0958558328274275	0.00766078063354653	0.127564579568406	0.0944458570961529	0.155061122931016	0.214865510106636	0.105242386371111	0.0357495846739427	0.011379800853485	0.112233445566779	0.047247814788566	0.00369058163566578	0.1141389641889	0.0390500195250096	0.240942352311261	1.06670093818275	0.285145888594164	0.210129310344827
Reyranellales	0	0	0	0	0	0	0	0	0.00592697961119013	0.00314584119793632	0.0150847764436131	0	0.0121891760117016	0.00813735861339408	0.012852479243246	0.00809978940547545	0.0100867460157353	0.00639038885516183	0.0191519515838663	0.0106303816307005	0	0	0	0	0	0	0	0	0	0	0	0.169552025700517	0.205629096517157	0.245358090185676	0.167025862068965
Pirellulales	0.0338180588434224	0.241418332704639	0.150028383748276	0	0.154579415174546	0.181030226562071	0.0639999999999998	0.132378897823102	0.186699857752489	0.163583742292689	0.132746032703795	0.0943523385901064	0.121891760117016	0.101716982667426	0.241626609773025	0.0931475781629676	0.336224867191177	0.134198165958398	0.116826904661585	0.212607632614011	0.0889970576482981	0.182106667628286	0.0954957822696162	0.105242386371111	0.0231320842007864	0.0483641536273114	0.0649772579597141	0.137018662886841	0.0184529081783289	0.253245826794121	0.0390500195250097	0.812064965197214	0.66829456368076	0.649867374005304	0.770474137931033
WPS-2_or	0	0.00377216144850999	0	0	0	0	0	0	0	0	0.00603391057744524	0	0	0.00406867930669704	0	0	0	0.00639038885516183	0	0.0159455724460508	0.00181626648261832	0.00360607262630268	0	0	0	0	0.0059070234508831	0	0	0	0	0.026771372479029	0.0257036370646446	0.019893899204244	0.0161637931034483
Ardenticatenales	0	0	0	0	0	0	0	0	0	0	0	0	0	0	0	0	0.0470714814067648	0	0	0	0	0	0	0	0	0	0	0	0	0	0	0.0401570587185436	0.0257036370646446	0.026525198938992	0.0269396551724137
Verrucomicrobiae_unclassified	0	0	0	0	0	0	0	0	0	0	0.0120678211548904	0	0	0	0	0	0	0	0	0	0	0	0	0	0	0	0	0	0	0	0	0.00892379082634302	0.0385554555969669	0.019893899204244	0.0107758620689655
Rickettsiales	0.00614873797153134	0.01508864579404	0.0324385694590868	0	0.0257632358624243	0.0274288222063744	0.0448	0.024514610707982	0.0118539592223803	0	0.0633560610631749	0.040436716538617	0.0568828213879408	0.101716982667426	0.0976788422486696	0.072898104649279	0.0268979893752941	0.0319519442758091	0.0153215612670931	0.0212607632614011	0.359620763558429	0.263243301720096	0.139264682476524	0.236795369334999	0.241835425735495	0.65433854907539	0.118140469017662	0.245688636900543	0.147623265426631	0.256812669425025	0.15975007987504	0.704979475281098	0.591183652486826	0.590185676392572	0.517241379310344
Armatimonadales	0	0	0.00405482118238585	0	0	0.0164572933238246	0	0	0.00296348980559506	0.00314584119793632	0.00301695528872262	0	0.0040630586705672	0	0	0	0.013448994687647	0.00958558328274275	0	0.0425215265228021	0	0	0	0	0	0	0	0	0	0	0	0.00446189541317151	0.0128518185323223	0.00663129973474801	0
Ignavibacteria_unclassified	0	0	0	0	0	0	0	0	0	0	0	0	0	0	0	0	0	0	0	0	0	0	0	0	0	0	0	0	0	0	0	0.00446189541317151	0	0	0
Gammaproteobacteria_unclassified	0	0	0	0.0171144959780934	0.0128816179312122	0.0109715288825498	0	0.0196116885663856	0.0266714082503556	0	0.0935256139504011	0.0471761692950532	0.0325044693645376	0.0366181137602733	0.0334164460324396	0.0202494735136886	0.0168112433595589	0.00639038885516182	0.00191519515838663	0.0531519081535026	0.0835482582004431	0.068515379899751	0.0198949546395034	0.0723541406301387	0.0231320842007865	0.0113798008534851	0.0118140469017662	0.0188991259154264	0.00738116327133156	0.032101583678128	0.102950051475026	0.379261110119578	0.526924559825214	0.46419098143236	0.328663793103448
uncultured	0	0.00377216144850999	0.0121644635471575	0.00570483199269781	0	0.00548576444127489	0.032	0	0.0207444286391654	0	0.0120678211548905	0.0134789055128723	0	0.00406867930669704	0.0154229750918952	0.00809978940547545	0.0403469840629412	0.0319519442758091	0.0248975370590262	0.042521526522802	0.0435903955828399	0.046878944141935	0.0795798185580136	0.00657764914819443	0.00841166698210417	0.0170697012802275	0.0177210703526493	0	0	0.00356684263090312	0.0355000177500088	0.276637515616634	0.308443644775735	0.271883289124668	0.27478448275862
Caenarcaniphilales	0	0	0	0	0	0.00548576444127489	0	0	0	0	0	0	0	0	0	0	0	0	0	0	0.00363253296523665	0	0	0	0.00210291674552604	0.0398293029871976	0	0	0	0	0	0.0936998036766016	0.102814548258578	0.112732095490716	0.0484913793103447
Micavibrionales	0	0.00377216144850999	0.0202741059119293	0.0114096639853956	0.0171754905749495	0.0384003510889242	0.00639999999999999	0.0588350656991566	0.0325983878615457	0.00943752359380896	0.117661256260182	0.0202183582693085	0.020315293352836	0.252258117015216	0.236485618075727	0.238943787461526	0.110954206173088	0.038342333130971	0.0114911709503198	0.0372063357074519	0.188891714192306	0.0703184162129023	0.0437689002069075	0.111820035519305	0.0925283368031458	0.176386913229018	0.059070234508831	0.0803212851405622	0.0553587245349866	0.0749036952489654	0.0603500301750149	0.133856862395145	0.154221822387868	0.19893899204244	0.107758620689655
Salinisphaerales	0	0	0	0	0	0.00548576444127489	0	0	0	0	0	0	0	0	0.0025704958486492	0	0	0.00319519442758091	0.00383039031677326	0.0159455724460508	0	0.00180303631315134	0	0	0	0	0	0	0	0	0	0.33018026057469	0.308443644775735	0.29840848806366	0.113146551724138
Gracilibacteria_unclassified	0	0	0.00405482118238585	0	0.00858774528747477	0.0109715288825497	0.00639999999999999	0	0.00592697961119013	0.00314584119793632	0	0.00673945275643617	0.0040630586705672	0.00406867930669704	0.0025704958486492	0.00404989470273772	0.00672449734382354	0.0127807777103236	0	0	0.00181626648261832	0	0	0	0	0	0	0	0	0	0	0.0133856862395145	0.0128518185323223	0.019893899204244	0.021551724137931
Rhodospirillales	0	0	0	0	0	0	0	0.00490292214159639	0.0118539592223802	0.00314584119793632	0.0482712846195618	0.0471761692950532	0.040630586705672	0.0122060379200911	0.0462689252756856	0.00809978940547544	0.0336224867191177	0.0543183052688756	0	0.0212607632614011	0.0145301318609465	0.0324546536367242	0.0318319274232054	0.0197329474445833	0.00420583349105209	0.0512091038406827	0	0.0377982518308528	0.00369058163566578	0.0107005278927093	0.00710000355000176	0.116009280742459	0.128518185323223	0.152519893899204	0.113146551724138
R7C24	0	0	0	0	0	0	0	0	0	0	0	0	0.0040630586705672	0	0	0	0	0	0	0	0	0	0	0	0	0	0	0	0	0	0	0.290023201856148	0.321295463308057	0.258620689655172	0.285560344827586
Pla4_lineage_or	0	0	0	0	0	0	0	0	0	0	0	0	0	0.00406867930669704	0	0	0	0	0	0	0	0	0	0	0	0	0	0	0	0	0	0.0223094770658576	0.0257036370646446	0.019893899204244	0.0161637931034483
Planctomycetacia_unclassified	0.00307436898576567	0	0	0	0	0	0	0	0	0	0	0	0	0	0	0	0	0	0	0	0	0	0	0	0	0	0	0	0	0	0	0	0	0	0
Desulfobacterales	0	0.00377216144850999	0	0	0	0	0	0	0	0	0	0	0	0	0	0	0	0	0	0	0	0	0	0	0	0	0	0	0	0	0	0.00446189541317151	0	0.013262599469496	0.00538793103448275
OLB14_or	0	0	0	0	0	0	0	0	0	0	0	0	0	0	0	0	0	0	0	0	0	0	0	0	0	0	0	0	0	0	0	0.044618954131715	0.0642590926616115	0.053050397877984	0.0323275862068965
CCD24	0	0	0	0	0	0	0	0	0	0	0	0	0	0.00406867930669704	0	0	0	0	0	0	0	0	0	0	0	0	0	0	0	0	0	0.12047117615563	0.1156663667909	0.106100795755968	0.11853448275862
Frankiales	0	0.00377216144850999	0.00405482118238585	0.00570483199269781	0	0	0	0	0	0	0	0	0	0	0	0	0	0	0	0	0	0	0	0	0	0	0	0	0	0	0.00355000177500088	0.026771372479029	0.0385554555969669	0.053050397877984	0.021551724137931
Vampirovibrionales	0	0	0	0	0	0	0	0	0	0	0	0	0	0	0	0	0	0	0	0	0	0	0	0	0	0	0	0	0	0	0	0.0223094770658576	0.0385554555969669	0.059681697612732	0.0377155172413793
Anaerolineales	0	0	0	0	0	0	0	0	0	0.00314584119793632	0.00603391057744524	0	0	0	0	0	0.00336224867191177	0.00639038885516183	0.00191519515838663	0.00531519081535027	0	0	0	0	0	0	0	0	0	0	0	0.0624665357844011	0.128518185323223	0.00663129973474801	0.0107758620689655
Isosphaerales	0.00614873797153134	0.00377216144850999	0	0	0	0	0	0	0	0.00314584119793632	0	0	0	0	0.0025704958486492	0	0	0.0127807777103236	0.723943769870149	0	0	0.00721214525260538	0	0	0	0	0	0	0	0.0107005278927093	0	0.00446189541317151	0.0128518185323223	0.00663129973474801	0
Lineage_IV	0	0	0	0	0	0	0	0	0	0	0	0	0	0	0	0	0	0.0127807777103236	0	0	0	0	0	0	0	0	0	0	0	0	0	0.365875423880063	0.359850918905025	0.543766578249336	0.350215517241379
TK10_or	0	0	0	0	0	0	0	0	0	0	0	0	0	0	0	0	0	0	0	0	0	0	0	0	0	0	0	0	0	0	0	0	0.0128518185323223	0	0.0107758620689655
Micrococcales	0.00307436898576567	0.0528102602791399	0.0162192847295434	0	0.0214693632186869	0	0.00639999999999999	0.00980584428319278	0.00296348980559506	0	0	0	0	0	0.0025704958486492	0	0.00336224867191177	0.00639038885516182	0.14747002719577	0.0159455724460508	0.00181626648261832	0.00360607262630269	0	0	0	0	0	0.0047247814788566	0	0.00713368526180624	0.00355000177500088	0.191861502766375	0.269888189178769	0.172413793103448	0.150862068965517
Saccharimonadales	0	0.00754432289701999	0	0	0.0171754905749495	0	0	0.00490292214159639	0	0.00314584119793632	0.0181017317323357	0	0.0121891760117016	0.0325494344535763	0.012852479243246	0	0.043709232734853	0	0	0.021260763261401	0	0	0	0	0	0	0	0	0	0	0	1.41442084597537	1.6707364092019	1.59814323607427	1.63793103448276
Caedibacterales	0.00922310695729701	0	0.0162192847295434	0.00570483199269781	0.0300571085061617	0	0	0	0	0.0157292059896816	0.00603391057744524	0	0	0	0	0	0	0	0	0	0.00181626648261832	0.00180303631315134	0.00795798185580137	0	0	0	0.0059070234508831	0	0.00369058163566578	0.0214010557854187	0.0674500337250168	0	0	0	0
Kiritimatiellales	0	0	0	0	0	0	0	0	0	0	0	0	0	0	0	0	0	0	0	0	0	0	0	0	0	0	0	0	0	0	0	0	0.0128518185323223	0	0
Propionibacteriales	0	0.00377216144850999	0.0081096423647717	0	0.00858774528747476	0.00548576444127489	0	0.00490292214159639	0.00592697961119012	0.00943752359380897	0	0.00673945275643617	0.0040630586705672	0	0	0	0.0134489946876471	0.00639038885516183	0.407936568736354	0	0.00181626648261832	0.00180303631315134	0.00795798185580136	0	0.00210291674552604	0	0	0	0.0221434898139947	0.0107005278927093	0.00355000177500088	0.0713903266107442	0.0642590926616115	0.086206896551724	0.064655172413793
Steroidobacterales	0	0.00377216144850999	0	0	0	0	0	0	0.00592697961119012	0	0.00603391057744524	0	0	0	0	0	0	0	0.00191519515838663	0.00531519081535027	0	0	0	0	0	0	0	0	0	0	0	0.0758522220239156	0.0642590926616115	0.046419098143236	0.0862068965517238
NB1-j	0	0	0	0	0	0	0	0	0.00296348980559506	0	0	0	0	0	0	0	0.00672449734382354	0.00319519442758091	0	0.00531519081535027	0	0	0	0	0	0	0	0	0	0	0	0.0892379082634301	0.141370003855545	0.119363395225464	0.0969827586206896
Bdellovibrionales	0	0	0	0	0	0	0	0	0	0.00314584119793632	0.0331865081759488	0.0539156220514893	0.0243783520234032	0.0528928309870616	0.0282754543351412	0	0.0470714814067647	0.0223663609930664	0.00766078063354653	0.0265759540767513	0.0272439972392749	0.0198333994446648	0.00795798185580136	0.00657764914819443	0.0147204172186823	0.0227596017069701	0	0.0047247814788566	0	0.00713368526180624	0.00355000177500088	1.22702123862216	1.10525639377972	1.26657824933687	1.06681034482758
Legionellales	0.0245949518861253	0.01131648434553	0.0446030330062443	0.0513434879342803	0.0128816179312121	0.0164572933238247	0.032	0.137281819964699	0.0237079184447605	0.0283125707814269	0.120678211548905	0	0.0771981147407768	0.097648303360729	0.0436984294270364	0.0566985258383281	0.0504337300786765	0.102246221682589	0.0306431225341862	0.0265759540767513	0.0617530604090231	0.0775305614655078	0.023873945567404	0.0526211931855554	0.0126175004731563	0.0512091038406826	0.0118140469017662	0.0141743444365698	0.0184529081783289	0.032101583678128	0.166850083425041	0.116009280742459	0.16707364092019	0.112732095490716	0.183189655172414
Gracilibacteria_or	0	0	0	0	0	0	0	0	0	0	0	0	0	0	0	0	0	0	0.0172367564254797	0	0	0	0	0.00657764914819443	0.00210291674552604	0	0	0	0	0	0	0.0535427449580581	0.0899627297262561	0.072944297082228	0.107758620689655
vadinHA49_or	0	0	0	0	0	0	0	0	0	0.00314584119793632	0	0	0	0	0.0051409916972984	0	0.0302602380472059	0.0319519442758091	0.00191519515838663	0	0.00181626648261832	0.00360607262630268	0	0	0	0	0	0.0047247814788566	0	0	0	0.290023201856148	0.115666366790901	0.285145888594164	0.237068965517241
Deltaproteobacteria_unclassified	0	0	0	0	0	0	0	0	0	0	0.00301695528872262	0.0606550748079256	0	0	0.0179934709405444	0	0.0235357407033823	0.00319519442758091	0	0.0425215265228021	0	0	0	0	0	0	0	0	0	0	0	0.120471176155631	0.0899627297262561	0.09946949602122	0.172413793103448
Parcubacteria_unclassified	0	0.00377216144850999	0.0202741059119292	0	0.0257632358624243	0.0164572933238246	0.0127999999999999	0.0147087664247891	0.0296348980559506	0.00629168239587265	0.00301695528872262	0	0.0365675280351048	0.0162747172267881	0.00771148754594761	0.0161995788109509	0.0235357407033824	0.0127807777103237	0	0	0	0.0126212541920594	0.00795798185580137	0	0	0	0	0	0	0	0	0.23648045689809	0.192777277984835	0.205570291777188	0.199353448275862
RCP2-54	0	0	0	0	0	0	0	0	0	0	0	0	0	0	0	0	0	0	0	0	0	0	0	0	0.00210291674552604	0	0	0	0	0	0	0.0580046403712296	0.0514072741292892	0.0729442970822281	0.0323275862068965
KI89A_clade	0	0	0	0	0.00429387264373738	0.0164572933238246	0	0	0.00592697961119013	0	0.0301695528872262	0.0134789055128723	0	0	0	0	0.043709232734853	0.00319519442758091	0	0.0425215265228021	0.00181626648261832	0.0216364357578161	0.011936972783702	0	0	0	0	0	0	0.00356684263090312	0	0.026771372479029	0.0128518185323223	0.019893899204244	0.00538793103448275
Diplorickettsiales	0	0	0.00810964236477171	0.0456386559415825	0	0.00548576444127489	0.0831999999999999	0	0.0474158368895211	0.0220208883855542	0.0181017317323357	0.0741339803207979	0	0.0406867930669704	0.0668328920648793	0.0121496841082132	0.00672449734382354	0	0	0.0478367173381523	0.0108975988957099	0.0126212541920594	0.011936972783702	0	0	0	0	0	0	0	0	0.116009280742459	0.16707364092019	0.152519893899204	0.161637931034482
Candidatus_Magasanikbacteria	0	0	0	0	0	0	0	0	0	0	0	0	0	0	0	0	0	0	0	0	0	0	0	0	0	0	0	0	0	0	0	0.0758522220239157	0.0385554555969669	0.039787798408488	0.0484913793103447
Thermoleophilia_unclassified	0	0	0	0	0	0	0	0	0	0	0	0	0	0	0	0	0.00336224867191177	0.00639038885516182	0	0	0	0	0	0	0	0	0	0	0	0	0	0.450651436730322	0.411258193034312	0.503978779840848	0.544181034482757
Chlamydiales	0.00307436898576567	0.00377216144850999	0.0324385694590867	0	0.00858774528747476	0.0109715288825498	0.0319999999999999	0.0196116885663856	0.00296348980559506	0.00629168239587265	0.0211186870210583	0	0.0284414106939704	0.0122060379200911	0.012852479243246	0.0283492629191641	0	0.03514713870339	0.00191519515838663	0.0478367173381524	0.0236114642740382	0.182106667628285	0.11936972783702	0.0460435440373609	0.00210291674552604	0	0.0531632110579479	0	0.00738116327133156	0.0142673705236124	0.0248500124250061	0.165090130287346	0.128518185323223	0.152519893899204	0.123922413793103
Fimbriimonadales	0.00922310695729701	0.00754432289701998	0.0324385694590868	0	0.0472325990811112	0.043886115530199	0.0191999999999999	0.0196116885663855	0.0325983878615456	0.0314584119793633	0.0784408375067881	0.0606550748079255	0.0446936453762392	0.0732362275205467	0.177364213556795	0.0971974728657053	0.0100867460157353	0.0223663609930663	0.00957597579193319	0.00531519081535027	0.0363253296523665	0.0504850167682377	0.0318319274232055	0.0131552982963889	0.00630875023657813	0.0113798008534851	0.0177210703526493	0.0425230333097094	0.0147623265426631	0.0998715936652873	0.00710000355000176	0.0401570587185436	0.0385554555969669	0.019893899204244	0.0377155172413792
Hydrogenedentiales	0	0	0	0	0	0	0	0	0	0	0.0181017317323357	0.0202183582693085	0	0	0	0	0.00672449734382354	0.00639038885516183	0	0.0318911448921016	0	0.00180303631315134	0	0	0	0	0	0	0	0	0	0.0669284311975727	0.0385554555969669	0.039787798408488	0.0538793103448276
Mycoplasmatales	0	0	0	0	0	0	0	0	0	0.00314584119793632	0	0.0134789055128723	0.0284414106939704	0	0	0	0	0	0	0	0	0	0	0	0	0	0	0	0	0	0	0.414956273424951	0.475517285695926	0.338196286472148	0.328663793103447
Bradymonadales	0	0	0.00405482118238585	0	0	0	0	0.00490292214159639	0	0.00629168239587265	0.00301695528872262	0	0	0	0.0025704958486492	0	0	0	0.00191519515838663	0	0.00544879944785498	0.0108182178789081	0.011936972783702	0.0197329474445832	0.0147204172186823	0.0170697012802275	0	0.0047247814788566	0	0.0107005278927093	0.0106500053250026	0.00446189541317151	0	0.00663129973474801	0
Alphaproteobacteria_Incertae_Sedis	0	0	0	0	0	0	0	0	0	0	0	0	0	0	0	0	0	0	0.0306431225341862	0	0	0	0	0	0	0	0	0	0	0	0	0	0	0	0
Syntrophobacterales	0	0	0	0	0	0	0	0	0	0	0	0	0	0	0	0	0	0	0	0	0	0	0	0	0	0	0	0	0	0	0	0.00892379082634302	0.0128518185323223	0.00663129973474801	0
BD7-11_or	0	0	0	0	0	0	0	0	0	0	0	0	0	0	0	0	0	0	0	0	0	0	0	0	0	0	0	0	0	0	0	0.00446189541317151	0	0	0.00538793103448275
Dongiales	0	0	0	0	0	0	0	0.00980584428319278	0	0.0157292059896816	0.0181017317323357	0	0.0040630586705672	0	0.0025704958486492	0	0.00672449734382354	0.00319519442758091	0.00191519515838663	0	0	0	0	0	0	0	0	0	0	0	0	0.00446189541317151	0.0128518185323223	0	0.021551724137931
44889	0	0	0	0	0	0	0	0.00490292214159639	0	0	0.0211186870210583	0	0	0	0	0	0.0369847353910294	0.0223663609930663	0	0.00531519081535027	0	0.00180303631315134	0	0	0	0	0	0	0	0	0	0.0580046403712296	0.0771109111939338	0.013262599469496	0.0323275862068964
Thiotrichales	0	0	0	0	0	0	0	0.00490292214159639	0	0	0	0	0	0	0	0	0	0	0	0	0	0	0	0	0	0	0	0	0	0	0	0	0	0.00663129973474801	0.00538793103448275
Entotheonellales	0	0	0	0	0	0	0	0	0	0	0	0	0	0	0	0	0	0	0	0	0	0	0	0	0	0	0	0	0	0	0	0	0	0	0
Patescibacteria_unclassified	0	0	0	0	0	0	0	0	0	0	0	0	0	0	0	0	0	0	0	0	0	0	0	0	0	0	0	0	0	0	0	0.0490808495448865	0.0128518185323223	0.00663129973474801	0.021551724137931
Sneathiellales	0	0	0	0	0	0	0	0	0	0.00943752359380898	0	0	0	0	0	0	0	0	0	0	0	0	0	0	0	0	0	0	0	0	0	0	0	0	0
Subgroup_17_or	0	0	0	0	0	0	0	0	0	0	0	0	0	0	0	0	0	0	0	0	0	0	0	0	0	0	0	0	0	0	0	0.017847581652686	0.0257036370646446	0.019893899204244	0
Subgroup_6_unclassified	0	0	0	0	0	0	0	0	0.00296348980559506	0.00314584119793632	0	0	0	0	0	0	0	0.00319519442758091	0	0	0	0	0	0	0	0	0	0	0	0	0	0.026771372479029	0.0514072741292892	0.026525198938992	0.021551724137931
Oligoflexales	0	0	0.00405482118238585	0.00570483199269781	0.0171754905749495	0.0219430577650995	0	0.00490292214159639	0.00592697961119013	0	0.00603391057744524	0	0	0.00813735861339409	0.0154229750918952	0.00404989470273772	0.0100867460157353	0.0479279164137137	0.00191519515838663	0	0.00908133241309163	0.0126212541920594	0	0.00657764914819443	0.00420583349105209	0.00284495021337126	0	0.0047247814788566	0	0.00713368526180624	0.00355000177500088	0.258789933963948	0.179925459452512	0.338196286472148	0.172413793103448
Dadabacteriales	0	0	0	0	0	0	0	0	0	0	0	0	0	0	0	0	0	0	0	0	0	0	0	0	0	0	0	0	0	0	0	0	0	0	0.00538793103448275
RBG-13-54-9	0	0	0	0	0	0	0	0	0	0	0	0	0	0	0	0	0	0	0	0	0	0	0	0	0	0	0	0	0	0	0	0.0133856862395145	0.0128518185323223	0	0
Gaiellales	0	0	0.00405482118238585	0	0	0	0.00639999999999999	0.00490292214159639	0.0088904694167852	0	0.00603391057744524	0.00673945275643617	0	0	0	0	0.00336224867191177	0.00319519442758091	0.00383039031677327	0.0265759540767513	0	0.00901518156575673	0.00397899092790068	0	0	0	0	0.0094495629577132	0	0.032101583678128	0.00355000177500088	0.151704444047831	0.141370003855545	0.09946949602122	0.123922413793103
Kineosporiales	0	0	0.00405482118238585	0	0.00858774528747477	0	0.00639999999999999	0	0	0	0	0	0	0	0	0	0.00336224867191177	0	0.0248975370590263	0	0	0	0	0	0	0	0	0	0	0	0	0.00892379082634303	0.0128518185323223	0.00663129973474801	0.00538793103448275
Sericytochromatia_or	0	0.00377216144850999	0	0	0.00429387264373738	0	0	0.00490292214159639	0	0	0	0	0	0	0	0	0	0	0	0	0.0127138653783282	0	0.00397899092790068	0	0	0.00284495021337126	0	0	0	0	0	0.0267713724790291	0	0.013262599469496	0
SAR324_clade(Marine_group_B)	0	0	0	0	0	0	0	0	0	0	0.00603391057744524	0	0	0.00406867930669704	0.012852479243246	0	0	0.00639038885516183	0	0	0.00544879944785498	0.00540910893945404	0.00397899092790068	0	0	0.00284495021337126	0	0	0	0.00356684263090312	0	0.23648045689809	0.128518185323223	0.19893899204244	0.172413793103448
Solirubrobacterales	0	0	0	0	0	0	0	0	0	0	0	0	0	0	0	0	0.00672449734382354	0	0.00191519515838663	0	0	0	0	0	0	0	0	0.0047247814788566	0	0.00356684263090312	0	0.165090130287346	0.257036370646446	0.139257294429708	0.0915948275862067
Ignavibacteriales	0	0	0	0	0	0	0	0	0	0	0	0.00673945275643617	0	0	0	0	0	0	0	0	0	0	0	0	0	0	0	0	0	0	0	0	0	0	0.00538793103448275
Arenicellales	0	0	0	0	0	0	0	0	0	0	0	0	0	0	0	0	0	0	0	0	0	0	0	0	0	0	0	0	0	0	0	0	0.0128518185323223	0	0
Vibrionales	0	0	0	0	0	0	0	0	0	0	0	0	0	0	0	0	0	0	0	0	0	0	0	0	0	0	0	0	0	0	0	0	0	0	0
Parvibaculales	0	0	0	0	0	0	0	0	0	0	0	0	0	0	0	0	0	0	0	0	0	0	0	0	0	0	0	0	0	0	0	0.026771372479029	0.0771109111939339	0.053050397877984	0.0323275862068965
Desulfarculales	0	0	0	0	0	0	0	0	0	0	0	0.00673945275643617	0	0	0	0	0.00336224867191177	0.00639038885516182	0	0.00531519081535027	0	0	0	0	0	0	0	0	0	0	0	0.0446189541317151	0.0385554555969669	0.013262599469496	0.00538793103448275
KD4-96_or	0	0	0	0	0	0	0	0.00490292214159639	0	0	0	0	0	0	0	0	0	0	0	0	0	0	0	0	0	0	0	0	0	0	0	0.0758522220239156	0.141370003855545	0.053050397877984	0.0484913793103447
Calditrichales	0	0	0	0	0	0	0	0	0	0	0	0	0	0	0	0	0	0	0	0	0	0	0	0	0	0	0	0	0	0	0	0.0133856862395145	0	0.00663129973474801	0.00538793103448275
JG36-GS-52	0	0	0	0	0	0	0	0	0	0	0	0	0	0	0	0	0	0	0	0	0	0	0	0	0	0	0	0	0	0	0	0	0	0.013262599469496	0.0161637931034482
Azospirillales	0	0	0	0	0	0	0	0	0	0	0	0	0	0	0	0	0	0	0	0	0	0	0	0	0	0	0	0	0	0	0	0.0401570587185435	0.0385554555969669	0.019893899204244	0.0107758620689655
Paracaedibacterales	0	0	0	0	0	0	0	0	0	0	0.00603391057744524	0	0.0081261173411344	0.00406867930669704	0.0077114875459476	0.00404989470273772	0	0	0	0	0	0	0	0	0	0	0	0	0	0	0	0.0401570587185435	0.0257036370646446	0.039787798408488	0.043103448275862
Parcubacteria_or	0	0.00377216144850999	0	0	0.00858774528747477	0.0219430577650995	0	0	0	0	0	0	0.0162522346822688	0.00406867930669704	0.00771148754594761	0	0	0	0.00191519515838663	0	0.00908133241309164	0.0144242905052107	0.011936972783702	0.046043544037361	0.0210291674552604	0.054054054054054	0.0295351172544155	0	0.0258340714496604	0.00713368526180624	0.0142000071000035	0.0223094770658575	0.0257036370646446	0.03315649867374	0.0269396551724137
BD2-11_terrestrial_group_or	0	0	0	0	0	0	0	0	0	0	0	0	0	0	0	0	0	0	0	0	0	0	0	0	0	0	0	0	0	0	0	0	0	0	0
Nitrosococcales	0	0	0	0	0	0	0	0	0	0	0	0	0	0	0	0	0	0	0	0	0	0	0	0	0	0	0	0	0	0	0	0.00446189541317151	0	0	0
Acanthopleuribacterales	0	0	0	0	0	0	0	0	0	0	0	0	0	0	0	0	0	0	0	0	0	0	0	0	0	0	0	0	0	0	0	0	0	0	0
FBP_or	0	0	0	0	0	0	0	0	0	0	0	0	0	0	0	0	0	0	0	0	0	0	0	0	0	0	0	0	0	0	0	0	0	0	0
Blastocatellia_(Subgroup_4)_unclassified	0	0	0	0	0	0	0	0	0	0	0	0	0	0	0	0	0	0	0	0	0	0	0	0	0	0	0	0	0	0	0	0.00446189541317151	0.0128518185323223	0	0
Coxiellales	0	0	0	0	0	0	0	0	0	0	0.0150847764436131	0.0269578110257447	0.0081261173411344	0.0122060379200911	0.0205639667891936	0.0283492629191641	0	0.0159759721379045	0	0.00531519081535027	0.00363253296523665	0.00180303631315134	0.00397899092790068	0.00657764914819443	0	0.00284495021337126	0.0177210703526493	0	0	0	0	0.0490808495448866	0.0514072741292892	0.046419098143236	0.0269396551724137
Brocadiales	0	0	0	0	0	0	0	0	0	0	0	0	0	0	0	0	0	0	0	0	0	0	0	0	0	0	0	0	0	0	0	0.165090130287345	0.1156663667909	0.225464190981432	0.123922413793103
Bacteroidetes_VC2.1_Bac22	0	0	0	0	0	0	0	0	0	0.00314584119793632	0	0	0	0	0	0	0.0201734920314705	0	0	0	0.00181626648261832	0.0162273268183621	0	0	0	0	0	0	0	0	0	0.0356951633053721	0.0385554555969669	0.0663129973474801	0.021551724137931
Fibrobacterales	0	0	0	0	0	0	0	0	0	0	0	0	0	0	0	0	0	0	0	0	0	0	0	0	0	0	0	0	0	0	0	0.151704444047831	0.16707364092019	0.145888594164456	0.0915948275862066
Thermomicrobiales	0	0.00377216144850999	0	0	0	0	0	0	0	0	0	0	0	0	0	0	0.00672449734382354	0.00319519442758091	0.0248975370590263	0	0	0	0	0	0	0	0	0	0	0	0	0.017847581652686	0.0128518185323223	0.00663129973474801	0
Chloroflexi_unclassified	0	0	0	0	0	0	0	0	0	0	0	0	0	0	0	0	0	0	0	0	0	0	0	0	0	0	0	0	0	0	0	0.0133856862395145	0	0	0.00538793103448275
WCHB1-41	0	0	0	0	0	0	0	0	0	0	0	0	0	0	0	0	0	0	0	0	0	0	0	0	0	0	0	0	0	0	0	0.0669284311975726	0.0385554555969669	0.046419098143236	0.043103448275862
S-70	0	0	0	0	0	0	0	0	0	0	0	0	0	0	0	0	0	0	0	0	0	0	0	0	0	0	0	0	0	0	0	0	0	0	0.00538793103448275
Ga0077536	0	0	0	0	0	0	0.00639999999999999	0	0	0.00314584119793632	0.0452543293308393	0.0134789055128723	0.0040630586705672	0	0	0	0.00672449734382354	0.00958558328274275	0	0.00531519081535027	0	0.00721214525260538	0	0	0	0	0	0	0	0.0107005278927093	0	0	0	0	0.00538793103448275
WS2_or	0	0	0	0	0	0	0	0	0	0	0	0	0	0	0	0	0	0	0	0	0	0	0	0	0	0	0	0	0	0	0	0	0	0	0
211ds20	0	0	0	0	0	0	0	0	0	0	0	0	0	0	0	0	0	0	0	0	0	0	0	0	0	0	0	0	0	0	0	0.017847581652686	0	0.019893899204244	0.00538793103448275
Planctomycetes_unclassified	0	0	0	0	0	0	0	0	0	0	0	0	0	0	0	0	0	0	0	0	0	0	0	0	0	0	0	0	0	0	0	0.0223094770658576	0	0.026525198938992	0.021551724137931
Actinomarinales	0	0	0	0	0	0	0	0	0	0	0	0	0	0	0	0	0	0	0	0	0	0	0	0	0	0	0	0	0.00369058163566578	0	0	0.035695163305372	0.0257036370646446	0.03315649867374	0.0107758620689655
PB19	0	0	0	0	0	0	0	0	0	0	0.00905086586616786	0	0	0.00406867930669704	0.0025704958486492	0	0	0.00639038885516183	0	0.00531519081535027	0	0	0.0159159637116027	0	0	0	0	0	0	0	0	0	0.0257036370646446	0.00663129973474801	0
mle1-8	0	0	0	0	0	0	0	0	0	0	0	0	0	0	0	0	0	0	0	0	0	0	0	0	0	0	0	0	0	0	0	0.00446189541317151	0.0128518185323223	0	0.0107758620689655
CCM11a	0	0	0	0	0	0	0	0	0	0	0	0	0	0	0	0	0.00336224867191177	0	0	0.00531519081535027	0	0	0.00397899092790068	0	0	0	0	0	0	0	0	0.0713903266107441	0.0514072741292892	0.086206896551724	0.0538793103448275
Holophagales	0	0	0	0	0	0	0	0	0	0	0	0	0	0	0	0	0	0	0	0	0	0	0	0	0	0	0	0	0	0	0	0	0	0	0
Unknown_Order	0	0	0	0	0	0	0	0	0	0	0	0	0	0	0	0	0	0.00319519442758091	0.00191519515838663	0	0	0	0	0	0	0	0	0	0	0	0	0.00892379082634303	0.0128518185323223	0.013262599469496	0
IMCC26256	0	0	0	0	0	0	0	0	0	0	0	0	0	0	0	0	0	0	0	0	0	0	0	0	0	0	0	0	0	0	0	0.0312332678922006	0.0514072741292892	0.053050397877984	0.0431034482758619
MB-A2-108_or	0	0	0	0	0	0	0	0	0	0	0	0	0.0040630586705672	0	0	0	0	0	0	0	0	0	0	0	0	0	0	0	0	0	0	0.0223094770658576	0.0128518185323223	0.019893899204244	0.00538793103448275
JTB23	0	0	0	0	0	0	0	0	0	0	0	0	0	0	0	0	0	0	0	0	0	0	0	0	0	0	0	0	0	0	0	0	0	0	0
Puniceispirillales	0	0	0	0	0	0	0	0	0	0	0	0	0	0	0	0	0	0	0	0	0	0	0	0	0	0	0	0	0	0	0	0.0356951633053721	0.0385554555969669	0.00663129973474801	0.0323275862068965
Micropepsales	0	0	0	0	0	0	0	0	0.00592697961119013	0.00943752359380898	0.00603391057744524	0	0	0	0	0	0.00336224867191177	0.00319519442758091	0	0	0	0	0	0	0	0	0	0	0	0	0	0	0	0	0
Selenomonadales	0	0	0	0	0	0	0	0	0	0	0	0	0	0	0	0	0	0	0	0	0	0	0	0	0	0	0	0	0	0	0	0.0446189541317151	0.0385554555969669	0.039787798408488	0.0323275862068964
Candidatus_Zambryskibacteria	0	0	0	0	0	0	0	0	0	0	0	0	0	0	0	0	0	0	0	0	0	0	0	0	0	0	0	0	0	0	0	0	0	0	0
Rhodovibrionales	0	0	0	0	0	0	0	0	0	0	0	0	0	0	0	0	0	0	0	0	0	0	0	0	0	0	0	0	0	0	0	0	0.0128518185323223	0	0
Rokubacteriales	0	0	0	0	0	0	0	0	0	0	0	0	0	0	0	0	0	0	0	0	0	0	0	0	0	0	0	0	0.00369058163566578	0	0	0.116009280742459	0.0385554555969669	0.086206896551724	0.0646551724137929
Latescibacteria_or	0	0	0	0	0	0	0	0	0	0	0	0	0	0	0	0	0	0	0	0	0	0	0	0	0	0	0	0	0	0	0	0.0669284311975725	0.0257036370646446	0.026525198938992	0.0646551724137929
Acidimicrobiia_unclassified	0	0	0	0	0	0	0	0.00490292214159639	0.00296348980559506	0.00314584119793632	0	0	0	0	0	0	0.0168112433595588	0.00639038885516183	0	0.0106303816307005	0	0	0	0	0	0	0	0	0	0	0	0.00446189541317151	0.0257036370646446	0.019893899204244	0.00538793103448275
Elsterales	0	0	0	0	0	0	0	0	0	0	0	0	0	0.00406867930669704	0.0025704958486492	0.0161995788109508	0	0	0	0	0.00181626648261832	0	0	0.00657764914819443	0	0	0	0	0	0	0.00710000355000177	0.0223094770658575	0.0385554555969669	0.00663129973474801	0.0107758620689655
PeM15	0	0	0	0	0	0	0	0	0	0	0	0	0	0	0	0	0	0	0	0	0	0	0	0	0	0	0	0	0	0	0	0.0223094770658575	0	0.019893899204244	0.0107758620689655
SJA-28	0	0	0	0	0	0	0	0	0	0	0	0	0	0	0	0	0	0	0	0	0	0	0	0	0	0	0	0	0	0	0	0	0	0	0
Methylomirabilales	0	0	0	0	0	0	0	0	0	0	0	0	0	0	0	0	0	0	0	0	0	0	0	0	0	0	0	0	0	0	0	0.0624665357844011	0.0899627297262561	0.06631299734748	0.0377155172413793
Pla3_lineage_or	0	0	0	0	0	0	0	0	0	0	0	0	0	0	0	0	0	0	0.00191519515838663	0	0	0	0	0	0	0	0	0	0	0	0	0.120471176155631	0.128518185323223	0.0994694960212201	0.107758620689655
Omnitrophales	0	0	0	0	0	0	0	0	0	0	0	0	0	0	0	0	0	0	0	0	0	0	0	0	0	0	0	0	0	0	0	0.334642155987863	0.295591826243413	0.26525198938992	0.226293103448275
V2072-189E03_or	0	0	0	0	0	0	0	0	0	0	0	0	0	0	0	0	0	0	0	0	0	0	0	0	0	0	0	0	0	0	0	0	0	0	0
MBNT15	0	0	0	0	0	0	0	0	0	0	0	0	0	0	0	0	0	0	0	0	0	0	0	0	0	0	0	0	0	0	0	0	0	0.019893899204244	0.0161637931034483
Lineage_IIa_or	0	0	0	0	0	0	0	0	0	0	0	0	0	0	0	0	0	0	0	0	0	0	0	0	0	0	0	0	0	0	0	0.0312332678922006	0.0128518185323223	0.026525198938992	0.0161637931034483
Thalassobaculales	0	0	0	0	0	0	0	0	0	0	0	0	0	0	0	0	0	0	0	0	0	0	0	0	0	0	0	0	0	0	0	0	0	0	0
Actinobacteria_unclassified	0.00307436898576567	0.0113164843455299	0.0081096423647717	0	0	0	0	0	0	0.00629168239587265	0	0	0	0	0	0	0	0	0	0	0	0	0.00397899092790068	0	0	0	0	0	0	0.00356684263090312	0	0	0.0257036370646446	0	0.00538793103448275
Kiritimatiellae_unclassified	0	0	0	0	0	0	0	0	0	0	0	0	0	0	0	0	0	0	0	0	0	0	0	0	0	0	0	0	0	0	0	0	0	0	0
JG30-KF-CM66_or	0	0	0	0	0	0	0	0	0	0	0	0	0	0.00406867930669704	0	0	0	0	0	0	0	0	0	0	0	0	0	0	0	0	0	0.0133856862395145	0.0257036370646446	0.026525198938992	0.0161637931034483
Victivallales	0	0	0	0	0	0	0	0	0	0	0	0	0	0	0	0	0	0	0	0	0	0	0	0	0	0	0	0	0	0	0	0.00892379082634302	0.0128518185323223	0.03315649867374	0.0269396551724137
eub62A3	0	0	0	0	0	0	0	0	0	0	0	0	0	0	0	0	0	0	0	0	0	0	0	0	0	0	0	0	0	0	0	0	0	0	0
Subgroup_9_or	0	0	0	0	0	0	0	0	0	0	0	0	0	0	0	0	0	0	0	0	0	0	0	0	0	0	0	0	0	0	0	0.00446189541317151	0	0	0
Subgroup_2	0	0	0	0	0	0	0	0	0	0	0	0	0	0	0	0	0	0	0	0	0	0	0	0	0	0	0	0	0	0	0	0.00892379082634303	0.0128518185323223	0	0.0107758620689655
EPR3968-O8a-Bc78	0	0	0	0	0	0	0	0	0	0	0	0	0	0	0	0	0	0	0	0	0	0	0	0	0	0	0	0	0	0	0	0	0.0128518185323223	0	0
Subgroup_7	0	0	0	0	0	0	0	0	0	0	0	0	0	0	0	0	0	0	0	0	0	0	0	0	0	0	0	0	0	0	0	0	0	0	0
UA11	0	0	0	0.00570483199269781	0	0	0	0	0	0	0	0	0	0	0	0	0	0	0	0	0	0	0	0	0	0	0	0	0	0	0	0	0	0	0
Subgroup_22_or	0	0	0	0	0	0	0	0	0	0	0	0	0	0	0	0	0	0	0	0	0	0	0	0	0	0	0	0	0	0	0	0.00446189541317151	0	0	0
Chloracidobacteriales	0	0	0	0	0	0	0	0	0	0	0	0	0	0	0	0	0	0	0	0	0	0	0	0	0	0	0	0	0	0	0	0	0	0	0
Nitrospinales	0	0	0	0	0	0	0	0	0	0	0	0	0	0	0	0	0	0	0	0	0	0	0	0	0	0	0	0	0	0	0	0.017847581652686	0.0128518185323223	0	0.0107758620689655
S085	0	0	0	0	0	0	0	0	0	0	0	0	0	0	0	0	0	0	0	0	0	0	0	0	0	0	0	0	0	0	0	0.0133856862395145	0.0385554555969669	0.013262599469496	0.00538793103448275
Lineage_IIb_or	0	0	0	0	0	0	0	0	0	0	0	0	0	0	0	0	0.00336224867191177	0.0127807777103236	0	0.0106303816307005	0	0	0	0	0	0	0	0	0	0	0	0.0936998036766017	0.0642590926616115	0.09946949602122	0.0754310344827585
Desulfuromonadales	0	0	0	0	0	0	0	0	0	0	0	0	0	0	0	0	0	0	0	0	0	0	0	0	0	0	0	0	0	0	0	0.120471176155631	0.102814548258578	0.06631299734748	0.0592672413793102
Mollicutes_unclassified	0	0	0	0	0	0	0	0	0	0	0	0	0	0	0	0	0	0	0	0	0	0	0	0	0	0	0	0	0	0	0	0.0535427449580581	0.0642590926616116	0.112732095490716	0.021551724137931
Subgroup_15_or	0	0	0	0	0	0	0	0	0	0	0	0	0	0	0	0	0	0	0	0	0	0	0	0	0	0	0	0	0	0	0	0.00892379082634303	0	0	0
Candidatus_Abawacabacteria	0	0	0	0	0	0	0	0	0	0	0	0	0	0	0	0	0	0	0	0	0	0	0	0	0	0	0	0	0	0	0	0.017847581652686	0	0.013262599469496	0.021551724137931
44581	0	0	0	0	0	0	0	0	0	0	0	0	0	0	0	0	0	0	0	0	0	0	0	0	0	0	0	0	0	0	0	0	0	0	0
Entomoplasmatales	0	0	0	0	0	0	0	0	0	0	0	0	0	0	0	0	0	0	0	0	0	0	0	0	0	0	0	0	0	0	0	0.00446189541317151	0.0257036370646446	0.026525198938992	0.0323275862068965
Omnitrophia_or	0	0	0	0	0	0	0	0	0	0	0	0	0	0	0	0	0	0	0	0	0	0	0	0	0	0	0	0	0	0	0	0.0356951633053721	0.0128518185323223	0.00663129973474801	0.021551724137931
Rubrobacterales	0.00307436898576567	0	0.0121644635471575	0.00570483199269781	0	0	0	0	0	0	0	0	0	0	0	0	0	0	0	0	0	0	0	0	0	0	0	0	0.00738116327133156	0	0	0.00446189541317151	0	0	0
Kryptoniales	0	0	0	0	0	0	0	0	0	0	0	0	0	0	0	0	0	0	0	0	0	0	0	0	0	0	0	0	0	0	0	0	0	0	0
uncultured_or	0	0	0	0	0	0	0	0	0	0	0	0	0	0	0	0	0	0	0	0	0	0	0	0	0	0	0	0	0	0	0	0.00446189541317151	0.0128518185323223	0.019893899204244	0
SJA-15	0	0	0	0	0	0	0	0	0	0	0	0	0	0	0	0	0	0	0	0	0	0	0	0	0	0	0	0	0	0	0	0	0	0	0
S-BQ2-57_soil_group	0	0	0	0	0	0	0	0	0	0	0	0	0	0	0	0	0	0	0	0	0	0	0	0	0	0	0	0	0	0	0	0	0	0	0
Subgroup_21_or	0	0	0	0	0	0	0	0	0	0	0	0	0	0	0	0	0	0	0	0	0	0	0	0	0	0	0	0	0	0	0	0	0	0	0
Pla1_lineage	0	0	0	0	0	0	0	0	0	0	0	0	0	0	0	0	0	0	0	0	0	0	0	0	0	0	0	0	0	0	0	0	0	0	0
Zixibacteria_or	0	0	0	0	0	0	0	0	0	0	0	0	0	0	0	0	0	0	0.00191519515838663	0	0	0	0	0	0	0	0	0	0	0	0	0.026771372479029	0.0385554555969669	0.019893899204244	0.0107758620689655
DS-100	0	0	0	0	0	0	0	0	0	0	0	0	0	0	0	0	0	0	0	0	0	0	0	0	0	0	0	0	0	0	0	0.00892379082634303	0.0128518185323223	0.013262599469496	0.00538793103448275
MD2902-B12_or	0	0	0	0	0	0	0	0	0	0	0	0	0	0	0	0	0	0	0	0	0	0	0	0	0	0	0	0	0	0	0	0	0	0.00663129973474801	0
Candidatus_Nomurabacteria	0	0	0	0	0	0	0	0	0	0	0	0	0	0	0	0	0	0	0	0	0	0	0	0	0	0	0	0	0	0	0	0.00446189541317151	0	0.019893899204244	0
SHA-26_or	0	0	0	0	0	0	0	0	0	0	0	0	0	0	0	0	0	0	0	0	0	0	0	0	0	0	0	0	0	0	0	0	0	0	0
FCPU426_or	0	0	0	0	0	0	0	0	0	0	0	0	0	0	0	0	0	0	0	0	0	0	0	0	0	0	0	0	0	0	0	0.00892379082634303	0.0128518185323223	0.013262599469496	0.0377155172413791
OC31_or	0	0	0	0	0	0	0	0	0	0	0	0	0	0	0	0	0	0	0	0	0	0	0	0	0	0	0	0	0	0	0	0	0	0	0
ABY1_unclassified	0	0	0	0	0	0	0	0	0	0	0.00603391057744524	0	0	0	0	0	0	0	0	0	0	0	0	0	0	0	0	0	0	0	0	0.133856862395145	0.115666366790901	0.212201591511936	0.0969827586206893
Piscirickettsiales	0	0	0	0	0	0	0	0	0	0	0	0	0	0	0	0	0	0	0	0	0	0	0	0	0	0	0	0	0	0	0	0	0	0	0
Candidatus_Peregrinibacteria	0	0	0	0	0	0	0	0	0	0	0	0	0	0	0	0	0	0	0	0	0.00363253296523665	0.00360607262630269	0	0	0.00420583349105209	0	0	0	0	0	0	0.174013921113689	0.141370003855545	0.205570291777188	0.15625
GAL15_or	0	0	0	0	0	0	0	0	0	0	0	0	0	0	0	0	0	0	0	0	0	0	0	0	0	0	0	0	0	0	0	0	0	0	0
Gastranaerophilales	0	0	0	0	0	0	0	0	0	0	0	0	0	0	0	0	0	0	0	0	0	0	0	0	0	0	0	0	0	0	0	0	0	0	0
LD1-PA32_or	0	0	0	0	0	0	0	0	0	0	0	0	0	0	0	0	0	0	0	0	0	0	0	0	0	0	0	0	0	0	0	0	0	0	0
MVP-88	0	0	0	0	0	0	0	0	0	0	0	0	0	0	0	0	0	0	0	0	0	0	0	0	0	0	0	0	0	0	0	0.0535427449580581	0.0128518185323223	0.00663129973474801	0.0323275862068965
OM182_clade	0	0	0	0	0	0	0	0	0	0	0	0	0	0	0	0	0	0	0	0	0	0	0	0	0	0	0	0	0	0	0	0	0	0	0
Candidatus_Yanofskybacteria	0	0	0	0	0	0	0	0	0	0	0	0	0	0	0	0	0	0	0	0	0	0	0	0	0	0	0	0	0	0	0	0.0223094770658575	0	0.026525198938992	0.0538793103448275
Candidatus_Jorgensenbacteria	0	0	0	0	0	0	0	0	0	0	0	0	0	0	0	0	0	0	0	0	0	0	0	0	0	0	0	0	0	0	0	0	0.0128518185323223	0.013262599469496	0.00538793103448275
Lactobacillales	0	0	0	0	0	0	0	0	0	0	0	0	0	0	0	0	0	0	0	0	0	0	0	0	0	0	0	0	0	0	0	0.0133856862395145	0.0128518185323223	0.039787798408488	0.0484913793103447
C86	0	0	0	0	0	0	0	0	0	0	0	0	0	0	0	0	0	0	0	0	0	0	0	0	0	0	0	0	0	0	0	0	0	0	0
Absconditabacteriales_(SR1)	0	0	0	0	0	0	0.00639999999999999	0	0	0	0	0	0.0081261173411344	0.0122060379200911	0.0025704958486492	0	0.0134489946876471	0.0127807777103236	0	0	0	0	0	0	0	0	0	0	0	0	0	0	0	0	0
Oligosphaeria_unclassified	0	0	0	0	0	0	0	0	0	0	0	0	0	0	0	0	0	0	0	0	0	0	0	0	0	0	0	0	0	0	0	0	0	0	0
Acidiferrobacterales	0	0	0	0	0	0	0	0	0	0	0	0	0	0	0	0	0	0	0	0	0	0	0	0	0	0	0	0	0	0	0	0.00892379082634302	0.0128518185323223	0.039787798408488	0.0323275862068964
KF-JG30-C25	0	0	0	0	0	0	0	0	0	0	0	0	0	0	0	0	0	0	0	0	0	0	0	0	0	0	0	0	0	0	0	0	0	0	0
Longimicrobiales	0	0	0	0	0	0	0	0	0	0	0	0	0	0	0	0	0	0	0	0	0	0	0	0	0	0	0	0	0	0	0	0	0	0	0
WS4_or	0	0	0	0	0	0	0	0	0	0	0	0	0	0	0	0	0	0	0	0	0	0	0	0	0	0	0	0	0	0	0	0	0	0	0
Holosporales	0	0	0	0	0	0	0	0	0	0	0.00301695528872262	0.00673945275643617	0.0040630586705672	0.00406867930669704	0.0077114875459476	0	0	0	0	0	0.00181626648261832	0	0	0	0	0.00284495021337126	0	0	0	0	0.00355000177500088	0.035695163305372	0.0385554555969669	0.00663129973474801	0.0107758620689655
Erysipelotrichales	0	0	0	0	0	0	0	0	0	0	0	0	0	0	0	0	0	0	0	0	0	0	0	0	0	0	0	0	0	0	0	0.0446189541317151	0.0128518185323223	0.039787798408488	0.0107758620689655
SAR202_clade	0	0	0	0	0	0	0	0	0	0	0	0	0	0	0	0	0	0	0	0	0	0	0	0	0	0	0	0	0	0	0	0	0	0	0.0107758620689655
Candidatus_Peribacteria	0	0	0	0	0	0	0	0	0	0	0	0	0	0	0	0	0	0	0	0	0	0	0	0	0	0	0	0	0	0	0	0.0312332678922006	0.0128518185323223	0.019893899204244	0.0161637931034483
Chitinivibrionales	0	0	0	0	0	0	0	0	0	0	0	0	0	0	0	0	0	0	0	0	0	0	0	0	0	0	0	0	0	0	0	0.017847581652686	0.0128518185323223	0.013262599469496	0.021551724137931
Subgroup_5_or	0	0	0	0	0	0	0	0	0	0	0	0	0	0	0	0	0	0	0	0	0	0	0	0	0	0	0	0	0	0	0	0.017847581652686	0.0128518185323223	0.00663129973474801	0.0107758620689655
Brachyspirales	0	0	0	0	0	0	0	0	0	0	0	0	0	0	0	0	0	0	0	0	0	0	0	0	0	0	0	0	0	0	0	0	0	0	0
Tenderiales	0	0	0	0	0	0	0	0	0	0	0	0	0	0	0	0	0	0	0	0	0	0	0	0	0	0	0	0	0	0	0	0	0	0	0
Armatimonadetes_unclassified	0	0	0	0	0	0	0	0	0	0	0	0	0	0	0	0	0	0	0	0	0	0	0	0	0	0	0	0	0	0	0	0	0	0	0
Candidatus_Kuenenbacteria	0	0	0	0	0	0	0	0	0	0	0	0	0	0	0	0	0	0	0	0	0	0	0	0	0	0	0	0	0	0	0	0.0133856862395145	0.0257036370646446	0.026525198938992	0.00538793103448275
pItb-vmat-80	0	0	0	0	0	0	0	0	0	0	0	0	0	0	0	0	0	0	0	0	0	0	0	0	0	0	0	0	0	0	0	0.00892379082634303	0.0128518185323223	0	0
Subgroup_13	0	0	0	0	0	0	0	0	0	0	0	0	0	0	0	0	0	0	0	0	0	0	0	0	0	0	0	0	0	0	0	0	0	0	0
DTU014	0	0	0	0	0	0	0	0	0	0	0	0	0	0	0	0	0	0	0	0	0	0	0	0	0	0	0	0	0	0	0	0	0	0	0
Firmicutes_unclassified	0	0	0	0	0	0	0	0	0	0	0	0	0	0	0	0	0	0	0	0	0	0	0	0	0	0	0	0	0	0	0	0	0	0	0
Margulisbacteria_or	0	0	0	0	0	0	0	0	0	0	0	0	0	0	0	0	0	0	0	0	0	0	0	0	0	0	0	0	0	0	0	0.017847581652686	0.0257036370646446	0.039787798408488	0.021551724137931
PAUC34f_or	0	0	0	0	0	0	0	0	0	0	0	0	0	0	0	0	0	0	0	0	0	0	0	0	0	0	0	0	0	0	0	0.00446189541317151	0.0128518185323223	0.013262599469496	0
Phycisphaerae_unclassified	0	0	0	0	0	0	0	0	0	0	0	0	0	0	0	0	0	0	0	0	0	0	0	0	0	0	0	0	0	0	0	0	0.0128518185323223	0.00663129973474801	0
Latescibacterales	0	0	0	0	0	0	0	0	0	0	0	0	0	0	0	0	0	0	0	0	0	0	0	0	0	0	0	0	0	0	0	0.00446189541317151	0	0	0
Cardiobacteriales	0	0	0	0	0	0	0	0	0	0	0	0	0	0	0	0	0	0	0	0	0	0	0	0	0	0	0	0	0	0	0	0	0	0	0
NC10_unclassified	0	0	0	0	0	0	0	0	0	0	0	0	0	0	0	0	0	0	0	0	0	0	0	0	0	0	0	0	0	0	0	0	0	0	0
Candidatus_Woesebacteria	0	0	0	0	0	0	0	0	0	0	0	0	0	0	0	0	0	0	0	0	0	0	0	0	0	0	0	0	0	0	0	0	0	0	0
MSBL9	0	0	0	0	0	0	0	0	0	0	0	0	0	0	0	0	0	0	0	0	0	0	0	0	0	0	0	0	0	0	0	0	0	0	0
Candidatus_Uhrbacteria	0	0	0	0	0	0	0	0	0	0	0	0	0	0	0	0	0	0	0	0	0	0	0	0.00657764914819443	0	0	0	0	0	0	0	0.0356951633053721	0.0385554555969669	0.026525198938992	0.0161637931034483
NRL2	0	0	0	0	0	0	0	0	0	0	0	0	0	0	0	0	0	0	0	0	0	0	0	0	0	0	0	0	0	0	0	0.0312332678922006	0.0128518185323223	0	0.0107758620689655
P9X2b3D02_or	0	0	0	0	0	0	0	0	0	0	0	0	0	0	0	0	0	0	0	0	0	0	0	0	0	0	0	0	0	0	0	0	0	0	0
Mollicutes_RF39	0	0	0	0	0	0	0	0	0	0	0	0	0	0	0	0	0	0	0	0	0	0	0	0	0	0	0	0	0	0	0	0	0.0128518185323223	0	0.0107758620689655
4-29-1_or	0	0	0	0	0	0	0	0	0	0	0	0	0	0	0	0	0	0	0	0	0	0	0	0	0	0	0	0	0	0	0	0.00446189541317151	0.0128518185323223	0.03315649867374	0.00538793103448275
Sva0485	0	0	0	0	0	0	0	0	0	0	0	0	0	0	0	0	0	0	0	0	0	0	0	0	0	0	0	0	0	0	0	0	0	0	0
Acetothermiia_or	0	0	0	0	0	0	0	0	0	0	0	0	0	0	0	0	0	0	0	0	0	0	0	0	0	0	0	0	0	0	0	0	0	0	0
LD1-PB3	0	0	0	0	0	0	0	0	0	0	0	0	0	0	0	0	0	0	0	0	0	0	0	0	0	0	0	0	0	0	0	0	0	0	0
AT-s2-59	0	0	0	0	0	0	0	0	0	0	0	0	0	0	0	0	0	0	0	0	0	0	0	0	0	0	0	0	0	0	0	0	0	0	0
Chloroplast	0	0	0	0	0	0	0	0	0	0	0	0	0	0	0	0	0	0	0	0	0	0	0	0	0	0	0	0.0047247814788566	0.00738116327133156	0	0	0	0	0	0
Gitt-GS-136_or	0	0	0	0	0	0	0	0	0	0	0	0	0	0	0	0	0	0	0	0	0	0	0	0	0	0	0	0	0	0	0	0	0.0128518185323223	0	0.0107758620689655
Lineage_IIc_or	0	0	0	0	0	0	0	0	0	0	0	0	0	0	0	0	0	0	0	0	0	0	0	0	0	0	0	0	0	0	0	0.017847581652686	0.0257036370646446	0.019893899204244	0.00538793103448275
Run-SP154	0	0	0	0	0	0	0	0	0	0	0	0	0	0	0	0	0	0	0	0	0	0	0	0	0	0	0	0	0	0	0	0	0	0	0
Francisellales	0	0	0	0	0	0	0	0	0	0	0	0	0	0	0	0	0	0	0	0	0	0	0	0	0	0	0	0	0	0	0	0	0	0	0
Subgroup_26_or	0	0	0	0	0	0	0	0	0	0	0	0	0	0	0	0	0	0	0	0	0	0	0	0	0	0	0	0	0	0	0	0	0	0	0
Candidatus_Colwellbacteria	0	0	0	0	0	0	0	0	0	0	0	0	0	0	0	0	0	0	0	0	0	0	0	0	0	0	0	0	0	0	0	0.00446189541317151	0.0128518185323223	0	0
SS1-B-02-17	0	0	0	0	0	0	0	0	0	0	0	0	0	0	0	0	0	0	0	0	0	0	0	0	0	0	0	0	0	0	0	0	0	0	0
Paceibacterales	0	0	0	0	0	0	0	0	0	0	0	0	0	0	0	0	0	0	0	0	0	0	0	0	0	0	0	0	0	0	0	0.00892379082634303	0.0128518185323223	0.013262599469496	0.0161637931034482
Streptomycetales	0	0	0	0	0	0	0.00639999999999999	0	0	0	0	0	0	0	0	0	0	0	0	0	0	0	0	0	0	0	0	0	0	0	0	0.0133856862395145	0	0	0
Ectothiorhodospirales	0	0	0	0	0	0	0	0	0	0	0	0	0	0	0	0	0	0	0	0	0	0	0	0	0	0	0	0	0	0	0	0	0	0	0
Subgroup_11_or	0	0	0	0	0	0	0	0	0	0	0	0	0	0	0	0	0	0	0	0	0	0	0	0	0	0	0	0	0	0	0	0	0	0	0
Brevinematales	0	0	0	0	0	0	0	0	0	0	0	0	0	0	0	0	0	0	0	0	0	0	0	0	0	0	0	0	0	0	0	0	0	0	0
S0134_terrestrial_group_or	0	0	0	0	0	0	0	0	0	0	0	0	0	0	0	0	0	0	0	0	0	0	0	0	0	0	0	0	0	0	0	0	0	0	0
DTB120	0	0	0	0	0	0	0	0	0	0	0	0	0	0	0	0	0	0	0	0	0	0	0	0	0	0	0	0	0	0	0	0.00446189541317151	0	0.013262599469496	0.0161637931034483
T2WK15B57	0	0	0	0	0	0	0	0	0	0	0	0	0	0	0	0	0	0	0	0	0	0	0	0	0	0	0	0	0	0	0	0.00892379082634303	0.0385554555969669	0.039787798408488	0.0107758620689655
EV818SWSAP88	0	0	0	0	0	0	0	0	0	0	0	0	0	0	0	0	0	0	0	0	0	0	0	0	0	0	0	0	0	0	0	0	0	0	0
Oligosphaerales	0	0	0	0	0	0	0	0	0	0	0	0	0	0	0	0	0	0	0	0	0	0	0	0	0	0	0	0	0	0	0	0	0	0	0
Subgroup_18_or	0	0	0	0	0	0	0	0	0	0	0	0	0	0	0	0	0	0	0	0	0	0	0	0	0	0	0	0	0	0	0	0.00446189541317151	0	0	0
CHAB-XI-27	0	0	0	0	0	0	0	0	0	0	0	0	0	0	0	0	0	0	0	0	0	0	0	0	0	0	0	0	0	0	0	0	0	0	0
AncK6_or	0	0	0	0	0	0	0	0	0	0	0	0	0	0	0	0	0	0	0	0	0	0	0	0	0	0	0	0	0	0	0	0	0	0	0
028H05-P-BN-P5_or	0	0	0	0	0	0	0	0	0	0	0	0	0	0	0	0	0	0	0	0	0	0	0	0	0	0	0	0	0	0	0	0	0	0	0
P2-11E_or	0	0	0	0	0	0	0	0	0	0	0	0	0	0	0	0	0	0	0	0	0	0	0	0	0	0	0	0	0	0	0	0.00446189541317151	0	0.013262599469496	0
HOC36	0	0	0	0	0	0	0	0	0	0	0	0	0	0	0	0	0	0	0	0	0	0	0	0	0	0	0	0	0	0	0	0	0	0	0
Omnitrophicaeota_unclassified	0	0	0	0	0	0	0	0	0	0	0	0	0	0	0	0	0	0	0	0	0	0	0	0	0	0	0	0	0	0	0	0	0	0	0
Candidatus_Kerfeldbacteria	0	0	0	0	0	0	0	0	0	0	0	0	0	0	0	0	0	0	0	0	0	0	0	0	0	0	0	0	0	0	0	0.00446189541317151	0	0.00663129973474801	0.00538793103448275
Berkelbacteria_or	0	0	0	0	0	0	0	0	0	0	0	0	0	0	0	0	0	0	0	0	0	0	0	0	0	0	0	0	0	0	0	0.00446189541317151	0.0128518185323223	0.00663129973474801	0.0107758620689655
Candidatus_Azambacteria	0	0	0	0	0	0	0	0	0	0	0	0	0	0	0	0	0	0	0	0	0	0	0	0	0	0	0	0	0	0	0	0	0	0	0
MVP-15_or	0	0	0	0	0	0	0	0	0	0	0	0	0	0	0	0	0	0	0	0	0	0	0	0	0	0	0	0	0	0	0	0	0	0.00663129973474801	0.00538793103448275
Elusimicrobiales	0	0	0	0	0	0	0	0	0	0	0	0	0	0	0	0	0	0	0	0	0	0	0	0	0	0	0	0	0	0	0	0.00446189541317151	0.0128518185323223	0.019893899204244	0
Acidobacteria_unclassified	0	0	0	0	0	0	0	0	0	0	0	0	0	0	0	0	0	0	0	0	0	0	0	0	0	0	0	0	0	0	0	0	0	0	0
Candidatus_Falkowbacteria	0	0	0	0	0	0	0	0	0	0	0	0	0	0	0	0	0	0	0	0	0	0	0	0	0	0	0	0	0	0	0	0.00446189541317151	0.0128518185323223	0.00663129973474801	0
Acidobacteriales	0	0	0	0	0	0	0	0	0	0	0	0	0	0	0	0	0	0	0	0	0	0	0	0	0	0	0	0	0	0	0	0	0	0	0
Subgroup_25_or	0	0	0	0	0	0	0	0	0	0	0	0	0	0	0	0	0	0	0	0	0	0	0	0	0	0	0	0	0	0	0	0	0	0	0
UBA10353_marine_group	0	0	0	0	0	0	0	0	0	0	0	0	0	0	0	0	0	0	0	0	0	0	0	0	0	0	0	0	0	0	0	0	0	0	0
Elusimicrobia_unclassified	0	0	0	0	0	0	0	0	0	0	0	0	0	0	0	0	0	0	0	0	0	0	0	0	0	0	0	0	0	0	0	0.00892379082634302	0	0.019893899204244	0.00538793103448275
Candidatus_Doudnabacteria	0	0	0	0	0	0	0	0	0	0	0	0	0	0	0	0	0	0	0	0	0	0	0	0	0	0	0	0	0	0	0	0.00446189541317151	0	0	0.00538793103448275
Subgroup_12	0	0	0	0	0	0	0	0	0	0	0	0	0	0	0	0	0	0	0	0	0	0	0	0	0	0	0	0	0	0	0	0	0	0	0
Candidatus_Moranbacteria	0	0	0	0	0	0	0	0	0	0	0	0	0	0	0	0	0	0	0	0	0	0	0	0	0	0	0	0	0	0	0	0	0	0	0
EC3	0	0	0	0	0	0	0	0	0	0	0	0	0	0	0	0	0	0	0	0	0	0	0	0	0	0	0	0	0	0	0	0	0	0	0
Actinomycetales	0	0	0	0	0	0	0	0	0	0	0	0	0	0	0	0	0	0	0	0	0	0	0	0	0	0	0	0	0	0	0	0	0	0	0
Caldisericales	0	0	0	0	0	0	0	0	0	0	0	0	0	0	0	0	0	0	0	0	0	0	0	0	0	0	0	0	0	0	0	0	0	0	0
Candidatus_Giovannonibacteria	0	0	0	0	0	0	0	0	0	0	0	0	0	0	0	0	0	0	0	0	0	0	0	0	0	0	0	0	0	0	0	0.00446189541317151	0	0.00663129973474801	0.00538793103448275
Coriobacteriales	0	0	0	0	0	0	0	0	0	0	0	0	0	0	0	0	0	0	0	0	0	0	0	0	0	0	0	0	0	0	0	0	0	0.00663129973474801	0.0107758620689655
Candidatus_Pacebacteria	0	0	0	0	0	0	0	0	0	0	0	0	0	0	0	0	0	0	0	0	0	0	0	0	0	0	0	0	0	0	0	0.00446189541317151	0	0	0
F9P41300-M23	0	0	0	0	0	0	0	0	0	0	0	0	0	0	0	0	0	0	0	0	0	0	0	0	0	0	0	0	0	0	0	0	0	0	0
Deltaproteobacteria_Incertae_Sedis	0	0	0	0	0	0	0	0	0	0	0	0	0	0	0	0	0	0	0	0	0	0	0	0	0	0	0	0	0	0	0	0	0	0	0
AT-s3-28_or	0	0	0	0	0	0	0	0	0	0	0	0	0	0	0	0	0	0	0	0	0	0	0	0	0	0	0	0	0	0	0	0	0	0	0
Lindowbacteria_or	0	0	0	0	0	0	0	0	0	0	0	0	0	0	0	0	0	0	0	0	0	0	0	0	0	0	0	0	0	0	0	0.00446189541317151	0	0.00663129973474801	0.00538793103448275
Lentisphaerae_unclassified	0	0	0	0	0	0	0	0	0	0	0	0	0	0	0	0	0	0	0	0	0	0	0	0	0	0	0	0	0	0	0	0	0	0	0
Candidatus_Curtissbacteria	0	0	0	0	0	0	0	0	0	0	0	0	0	0	0	0	0	0	0	0	0	0	0	0	0	0	0	0	0	0	0	0	0	0	0
FS118-23B-02	0	0	0	0	0	0	0	0	0	0	0	0	0	0	0	0	0	0	0	0	0	0	0	0	0	0	0	0	0	0	0	0	0	0	0
Bacteroidetes_unclassified	0	0	0	0	0	0	0	0	0	0	0	0	0	0	0	0	0	0	0	0	0	0	0	0	0	0	0	0	0	0	0	0	0	0	0
Izimaplasmatales	0	0	0	0	0	0	0	0	0	0	0	0	0	0	0	0	0	0	0	0	0	0	0	0	0	0	0	0	0	0	0	0	0	0	0
Dehalococcoidia_unclassified	0	0	0	0	0	0	0	0	0	0	0	0	0	0	0	0	0	0	0	0	0	0	0	0	0	0	0	0	0	0	0	0	0	0	0
MBMPE27	0	0	0	0	0	0	0	0	0	0	0	0	0	0	0	0	0	0	0	0	0	0	0	0	0	0	0	0	0	0	0	0	0	0	0
Balneolales	0	0	0	0	0	0	0	0	0	0	0	0	0	0	0	0	0	0	0	0	0	0	0	0	0	0	0	0	0	0	0	0	0	0	0
Euzebyales	0	0	0	0	0	0	0	0	0	0	0	0	0	0	0	0	0	0	0	0	0	0	0	0	0	0	0	0	0	0	0	0	0	0	0
Candidatus_Lloydbacteria	0	0	0	0	0	0	0	0	0	0	0	0	0	0	0	0	0	0	0	0	0	0	0	0	0	0	0	0	0	0	0	0	0.0128518185323223	0.00663129973474801	0
Candidatus_Buchananbacteria	0	0	0	0	0	0	0	0	0	0	0	0	0	0	0	0	0	0	0	0	0	0	0	0	0	0	0	0	0	0	0	0	0	0	0.0107758620689655
ADurb.Bin180	0	0	0	0	0	0	0	0	0	0	0	0	0	0	0	0	0	0	0	0	0	0	0	0	0	0	0	0	0	0	0	0	0	0	0
Candidatus_Shapirobacteria	0	0	0	0	0	0	0	0	0	0	0	0	0	0	0	0	0	0	0	0	0	0	0	0	0	0	0	0	0	0	0	0	0	0	0
Firestonebacteria_or	0	0	0	0	0	0	0	0	0	0	0	0	0	0	0	0	0	0	0	0	0	0	0	0	0	0	0	0	0	0	0	0	0	0	0
Candidatus_Komeilibacteria	0	0	0	0	0	0	0	0	0	0	0	0	0	0	0	0	0	0	0	0	0	0	0	0	0	0	0	0	0	0	0	0	0	0	0
Spirochaetes_or	0	0	0	0	0	0	0	0	0	0	0	0	0	0	0	0	0	0	0	0	0	0	0	0	0	0	0	0	0	0	0	0	0	0	0
WOR-1_or	0	0	0	0	0	0	0	0	0	0	0	0	0	0	0	0	0	0	0	0	0	0	0	0	0	0	0	0	0	0	0	0	0	0	0
GWA2-38-13b	0	0	0	0	0	0	0	0	0	0	0	0	0	0	0	0	0	0	0	0	0	0	0	0	0	0	0	0	0	0	0	0	0	0	0
JGI_0000069-P22	0	0	0	0	0	0	0	0	0	0	0	0	0	0	0	0	0	0	0	0	0	0	0	0	0	0	0	0	0	0	0	0	0	0	0
Synergistales	0	0	0	0	0	0	0	0	0	0	0	0	0	0	0	0	0	0	0	0	0	0	0	0	0	0	0	0	0	0	0	0	0	0	0
Clostridia_unclassified	0	0	0	0	0	0	0	0	0	0	0	0	0	0	0	0	0	0	0	0	0	0	0	0	0	0	0	0	0	0	0	0	0	0	0
FS117-23B-02	0	0	0	0	0	0	0	0	0	0	0	0	0	0	0	0	0	0	0	0	0	0	0	0	0	0	0	0	0	0	0	0	0	0	0
Acholeplasmatales	0	0	0	0	0	0	0	0	0	0	0	0	0	0	0	0	0	0	0	0	0	0	0	0	0	0	0	0	0	0	0	0	0	0	0
1013-28-CG33	0	0	0	0	0	0	0	0	0	0	0	0	0	0	0	0	0	0	0	0	0	0	0	0	0	0	0	0	0	0	0	0	0	0	0
LCP-89_or	0	0	0	0	0	0	0	0	0	0	0	0	0	0	0	0	0	0	0	0	0	0	0	0	0	0	0	0	0	0	0	0	0	0	0
WWE3_or	0	0	0	0	0	0	0	0	0	0	0	0	0	0	0	0	0	0	0	0	0	0	0	0	0	0	0	0	0	0	0	0	0	0	0
Rs-K70_termite_group	0	0	0	0	0	0	0	0	0	0	0	0	0	0	0	0	0	0	0	0	0	0	0	0	0	0	0	0	0	0	0	0.00892379082634303	0	0	0
Candidatus_Vogelbacteria	0	0	0	0	0	0	0	0	0	0	0	0	0	0	0	0	0	0	0	0	0	0	0	0	0	0	0	0	0	0	0	0	0	0	0
FW113	0	0	0	0	0	0	0	0	0	0	0	0	0	0	0	0	0	0	0	0	0	0	0	0	0	0	0	0	0	0	0	0	0	0	0
Magnetococcales	0	0	0	0	0	0	0	0	0	0	0	0	0	0	0	0	0	0	0	0	0	0	0	0	0	0	0	0	0	0	0	0	0	0	0
OPB41	0	0	0	0	0	0	0	0	0	0	0	0	0	0	0	0	0	0	0	0	0	0	0	0	0	0	0	0	0	0	0	0	0	0	0
Spirochaetes_unclassified	0	0	0	0	0	0	0	0	0	0	0	0	0	0	0	0	0	0	0	0	0	0	0	0	0	0	0	0	0	0	0	0	0	0	0
Dehalococcoidales	0	0	0	0	0	0	0	0	0	0	0	0	0	0	0	0	0	0	0	0	0	0	0	0	0	0	0	0	0	0	0	0	0	0	0
Schekmanbacteria_or	0	0	0	0	0	0	0	0	0	0	0	0	0	0	0	0	0	0	0	0	0	0	0	0	0	0	0	0	0	0	0	0.00446189541317151	0	0.00663129973474801	0
Acidithiobacillales	0	0	0	0	0	0	0	0	0	0	0	0	0	0	0	0	0	0	0	0	0	0	0	0	0	0	0	0	0	0	0	0	0	0	0
Anaeroplasmatales	0	0	0	0	0	0	0	0	0	0	0	0	0	0	0	0	0	0	0	0	0	0	0	0	0	0	0	0	0	0	0	0	0	0	0
Candidatus_Chisholmbacteria	0	0	0	0	0	0	0	0	0	0	0	0	0	0	0	0	0	0	0	0	0	0	0	0	0	0	0	0	0	0	0	0	0	0	0
CK-2C2-2_or	0	0	0	0	0	0	0	0	0	0	0	0	0	0	0	0	0	0	0	0	0	0	0	0	0	0	0	0	0	0	0	0	0	0	0
Endomicrobiales	0	0	0	0	0	0	0	0	0	0	0	0	0	0	0	0	0	0	0	0	0	0	0	0	0	0	0	0	0	0	0	0	0	0	0
WCHB1-81_or	0	0	0	0	0	0	0	0	0	0	0	0	0	0	0	0	0	0	0	0	0	0	0	0	0	0	0	0	0	0	0	0	0	0	0
CG2-30-50-142	0	0	0	0	0	0	0	0	0	0	0	0	0	0	0	0	0	0	0	0	0	0	0	0	0	0	0	0	0	0	0	0	0	0	0
